Algorithm,Captured Time,Mistakes,Mistakes (Std),Updates,Time,Accuracies,Accuracies (Std),Sensitivities,Sensitivities (Std),Specificities,Specificities (Std),Precisions,Precisions (Std),G-Mean,G-Mean (Std),Kappas,Kappas (Std),MCCs,MCCs (Std),Cumulative Errors,Cumulative Errors (Std),Sum,Sum (Std),Dataset
Gaussian_Kernel_Perceptron,67.0,0.8283582089552238,0.09410089711133203,62.2,0.0027364850044250487,0.17164179104477612,0.09410089711133203,0.4717324583434209,0.05923985812041909,0.41748918431108484,0.1202952262306617,0.41748918431108484,0.1202952262306617,0.4364103305313254,0.09933546729823592,-0.0054343140035688405,0.028717282088597244,-0.08195166852819255,0.12699088686874993,0.8283582089552238,0.09410089711133203,0.44461082132725294,0.07863988661286524,abtype2_w55_t0.113
Gaussian_Kernel_Perceptron,134.0,0.841044776119403,0.05843336001747298,123.65,0.02360914945602417,0.158955223880597,0.058433360017472985,0.4916925930936943,0.036078634361269825,0.468971489874115,0.06861520899749736,0.468971489874115,0.06861520899749736,0.4796643861601496,0.052299999248986005,-0.0012668965746292448,0.015766512527666112,-0.03403157794658485,0.0936297968287628,0.841044776119403,0.05843336001747298,0.4803320414839046,0.05112857669734479,abtype2_w55_t0.113
Gaussian_Kernel_Perceptron,201.0,0.8467661691542288,0.05489796706122874,185.15,0.03998419046401978,0.15323383084577114,0.054897967061228736,0.49732957231996905,0.02575765445722335,0.4816941676207822,0.04856167185101069,0.4816941676207822,0.04856167185101069,0.4891901831311444,0.036582616620570524,0.0004961236447241946,0.01184588212954748,-0.017237703974870115,0.06508973899880874,0.8467661691542288,0.05489796706122874,0.48951186997037555,0.03602370821330436,abtype2_w55_t0.113
Gaussian_Kernel_Perceptron,268.0,0.8492537313432835,0.040350298394561904,245.95,0.061444211006164554,0.15074626865671642,0.0403502983945619,0.5003335934911118,0.021037989776088752,0.4915662978899976,0.038164722698472646,0.4915662978899976,0.038164722698472646,0.4957976155168877,0.029087513347694605,0.0008060908495335362,0.009740179550046,-0.005894628035682433,0.05301798315701897,0.8492537313432835,0.040350298394561904,0.4959499456905546,0.028842661621235548,abtype2_w55_t0.113
Gaussian_Kernel_Perceptron,335.0,0.8565671641791045,0.032267469292082435,307.5,0.08440378904342652,0.14343283582089553,0.03226746929208242,0.5011436024387554,0.01699928212380548,0.4977574314860879,0.032365456556932695,0.4977574314860879,0.032365456556932695,0.4993534266112355,0.024248930181541055,0.0010106920425368149,0.007330755271810874,-0.0003277736864731968,0.04433109346780023,0.8565671641791045,0.032267469292082435,0.4994505169624217,0.02410551921410736,abtype2_w55_t0.113
Gaussian_Kernel_Perceptron,402.0,0.8533582089552239,0.030774220899375596,369.45,0.10727157592773437,0.14664179104477612,0.03077422089937559,0.50453785077643,0.013197084621440999,0.5073819384460828,0.023231345620356884,0.5073819384460828,0.023231345620356884,0.5059180248063047,0.017818862606309518,0.0022460790294479005,0.005742516698563878,0.010944093951196056,0.03350950785289095,0.8533582089552239,0.030774220899375596,0.5059598946112565,0.01780584416769886,abtype2_w55_t0.113
Gaussian_Kernel_Perceptron,469.0,0.8591684434968018,0.02634341085775695,430.85,0.12702770233154298,0.14083155650319829,0.026343410857756964,0.5051154802968008,0.010302360580995729,0.509261702790363,0.02017574108735816,0.509261702790363,0.02017574108735816,0.5071477377106877,0.014831467750881015,0.0022521306555926103,0.004502671386714,0.013116089110555715,0.027364269311871692,0.8591684434968018,0.02634341085775695,0.5071885915435819,0.014822791234712312,abtype2_w55_t0.113
Gaussian_Kernel_Perceptron,536.0,0.8576492537313433,0.02280473569566755,491.55,0.14902058839797974,0.1423507462686567,0.02280473569566755,0.5057523458689261,0.008245506546439239,0.511620285153809,0.017164569071100325,0.511620285153809,0.017164569071100325,0.5086461066362923,0.012159746415001959,0.002521824973341308,0.003645765170745033,0.015692127331185073,0.021985904823185246,0.8576492537313433,0.02280473569566755,0.5086863155113676,0.012183333354829223,abtype2_w55_t0.113
Gaussian_Kernel_Perceptron,603.0,0.8597014925373134,0.019027276297530305,552.6,0.17174493074417113,0.14029850746268657,0.0190272762975303,0.5063492780419183,0.007524637523785536,0.5140410769837285,0.01744828831197918,0.5140410769837285,0.01744828831197918,0.510145568075482,0.011974289672220677,0.0027570447762238826,0.003257819995501032,0.018271255819464767,0.021283517574115944,0.8597014925373134,0.019027276297530305,0.5101951775128234,0.012001822633468839,abtype2_w55_t0.113
Gaussian_Kernel_Perceptron,670.0,0.8586567164179104,0.020075042996297313,614.3,0.1953442096710205,0.14134328358208953,0.020075042996297306,0.5070294403016927,0.00693178939235793,0.5152972453001099,0.01596769285200074,0.5152972453001099,0.01596769285200074,0.5111128349387599,0.010725550251238739,0.0029842878925765036,0.0030119869625607836,0.019982542523079135,0.018782882100984517,0.8586567164179104,0.020075042996297313,0.5111633428009013,0.010770377277676641,abtype2_w55_t0.113
Gaussian_Kernel_Perceptron,737.0,0.8595658073270013,0.01915277369537736,675.75,0.21932024955749513,0.14043419267299867,0.019152773695377347,0.5074165583796674,0.006564470221259926,0.5162674250182326,0.015588709325058915,0.5162674250182326,0.015588709325058915,0.5117905130648202,0.010382869715163721,0.003123853413574529,0.002843779671353704,0.021268827579668206,0.018138444373239946,0.8595658073270013,0.01915277369537736,0.5118419916989501,0.010434157949796486,abtype2_w55_t0.113
Gaussian_Kernel_Perceptron,804.0,0.860136815920398,0.017065089090354646,736.85,0.2425409436225891,0.13986318407960197,0.017065089090354642,0.5079223462290902,0.006548500103060551,0.5182416032944507,0.015188449706108864,0.5182416032944507,0.015188449706108864,0.5130277231385092,0.010275963523109784,0.0033582195621003285,0.002846828124646537,0.023485833360773804,0.01823943870608851,0.860136815920398,0.017065089090354646,0.5130819747617704,0.010327996059397012,abtype2_w55_t0.113
Gaussian_Kernel_Perceptron,871.0,0.8616532721010334,0.015660177569171894,799.25,0.2649965167045593,0.1383467278989667,0.015660177569171894,0.5080388322552727,0.006158624873445471,0.51922002124041,0.014462472300317695,0.51922002124041,0.014462472300317695,0.5135731276450779,0.009736193550149298,0.0033644626268921176,0.002660945707593727,0.02433949722163536,0.017276732897355446,0.8616532721010334,0.015660177569171894,0.5136294267478415,0.009791923001697485,abtype2_w55_t0.113
Gaussian_Kernel_Perceptron,938.0,0.8626332622601278,0.01538758492082292,860.6,0.2871865749359131,0.13736673773987207,0.015387584920822922,0.5086046724625932,0.005779931356471793,0.5207287138771878,0.013254359614183513,0.5207287138771878,0.013254359614183513,0.5146075052726424,0.008858009252177824,0.0035767667370994126,0.00246503933559009,0.026138888333163794,0.015728352759319504,0.8626332622601278,0.01538758492082292,0.5146666931698904,0.008911640564553732,abtype2_w55_t0.113
Gaussian_Kernel_Perceptron,1000.0,0.8606,0.013650641010589954,917.7,0.30828016996383667,0.13940000000000002,0.013650641010589942,0.5094444444444444,0.005602578771323875,0.5213029493563125,0.011465735385653781,0.5213029493563125,0.011465735385653781,0.515325193615669,0.008101965950605607,0.003943814511004467,0.002363948777210643,0.02796016311342405,0.015040937016131937,0.8606,0.013650641010589954,0.5153736969003784,0.008131162082568087,abtype2_w55_t0.113
PA1_L1,67.0,0.458955223880597,0.053163458390951525,67.0,0.002274775505065918,0.541044776119403,0.05316345839095151,0.6992832880255312,0.06475769735234212,0.5722829858264762,0.035524995568353285,0.5722829858264762,0.035524995568353285,0.6321076252289912,0.04275420147516699,0.1308552476757908,0.0580292017575364,0.2352285493603307,0.08418353952808097,0.458955223880597,0.053163458390951525,0.6357831369260036,0.04431611413956478,abtype2_w55_t0.113
PA1_L1,134.0,0.4585820895522388,0.03213940937708785,134.0,0.013829410076141357,0.5414179104477613,0.03213940937708783,0.7255055635359707,0.02911686596556153,0.5813236601484466,0.02389632415219572,0.5813236601484466,0.02389632415219572,0.6492782078575194,0.022338285816778547,0.14838421692766932,0.0418666999306714,0.2685853904295054,0.049479304023128605,0.4585820895522388,0.03213940937708785,0.6534146118422086,0.022550539405236155,abtype2_w55_t0.113
PA1_L1,201.0,0.4579601990049751,0.02868688813814975,200.5,0.0324326753616333,0.5420398009950249,0.02868688813814974,0.7319814292289599,0.021195504148282984,0.5868729340096899,0.017403759630364935,0.5868729340096899,0.017403759630364935,0.6553627942230807,0.016996663288275003,0.1575229487201622,0.03209155952656257,0.28289981208252957,0.03763089562640383,0.4579601990049751,0.02868688813814975,0.6594271816193251,0.01710642752445187,abtype2_w55_t0.113
PA1_L1,268.0,0.4541044776119404,0.028074484038771157,266.35,0.052081060409545896,0.5458955223880597,0.028074484038771177,0.7372234090908377,0.01825774054653681,0.5901044797699869,0.01592511883404495,0.5901044797699869,0.01592511883404495,0.6595329396209995,0.015402351756653974,0.16398538018347045,0.031124174330868688,0.29165675680111125,0.034121577185387005,0.4541044776119404,0.028074484038771157,0.6636639444304123,0.015420308667777197,abtype2_w55_t0.113
PA1_L1,335.0,0.44925373134328356,0.02398298944209498,330.45,0.0699515700340271,0.5507462686567164,0.023982989442094975,0.7422426501552919,0.015594652231573676,0.5905462377305757,0.01296666709844694,0.5905462377305757,0.01296666709844694,0.6620200214982511,0.011999516714722217,0.1662824926624503,0.024910067025930082,0.29559504431794753,0.02652891001649141,0.44925373134328356,0.02398298944209498,0.6663944439429338,0.01207386745175732,abtype2_w55_t0.113
PA1_L1,402.0,0.4480099502487563,0.019695775340116982,390.95,0.08438254594802856,0.5519900497512438,0.01969577534011697,0.7448690528312267,0.012511224469767821,0.5888733112525744,0.0113059968098286,0.5888733112525744,0.0113059968098286,0.6622699358302232,0.010533565729946896,0.16442621365283885,0.022493970002259833,0.2946062719874008,0.023918862521115546,0.4480099502487563,0.019695775340116982,0.6668711820419004,0.01051419212446474,abtype2_w55_t0.113
PA1_L1,469.0,0.45127931769722807,0.020620387397679203,451.25,0.10400714874267578,0.5487206823027718,0.0206203873976792,0.7439174982383906,0.012589396668651448,0.589293779567581,0.010083508893579663,0.589293779567581,0.010083508893579663,0.6620892963230756,0.010177392835988964,0.16400733486979727,0.021425894553526607,0.2948573314139158,0.022357571907842128,0.45127931769722807,0.020620387397679203,0.6666056389029859,0.0102456438842711,abtype2_w55_t0.113
PA1_L1,536.0,0.4505597014925374,0.01878222707533792,507.85,0.12382009029388427,0.5494402985074627,0.01878222707533791,0.7448757768018923,0.011549716246119003,0.5899033821401345,0.009110050469324702,0.5899033821401345,0.009110050469324702,0.6628577639874433,0.009008832630979093,0.16508382608720867,0.018895899412700274,0.29646517193758914,0.019909327441831663,0.4505597014925374,0.01878222707533792,0.6673895794710135,0.009083744177636431,abtype2_w55_t0.113
PA1_L1,603.0,0.45016583747927036,0.0164042944024067,564.25,0.13927011489868163,0.5498341625207297,0.0164042944024067,0.7455471657332654,0.010752792371843182,0.5905456529522943,0.007559506552886632,0.5905456529522943,0.007559506552886632,0.6635194560116366,0.007783507005249195,0.16615209705786146,0.015985692054115267,0.2980102793354367,0.016698562465419727,0.45016583747927036,0.0164042944024067,0.6680464093427799,0.007918271091371864,abtype2_w55_t0.113
PA1_L1,670.0,0.45007462686567157,0.015678569897185773,618.5,0.15786750316619874,0.5499253731343284,0.01567856989718578,0.7461340473011566,0.010390183785941186,0.5903223422496067,0.005516073890886771,0.5903223422496067,0.005516073890886771,0.6636578750598254,0.006654255155587083,0.16584878641487316,0.01278487700142069,0.2980860580817061,0.013271768464562631,0.45007462686567157,0.015678569897185773,0.6682281947753818,0.006915464580871157,abtype2_w55_t0.113
PA1_L1,737.0,0.44966078697421974,0.014970943138123952,672.3,0.17622888088226318,0.5503392130257801,0.01497094313812396,0.7469960627007387,0.009629893955092096,0.5895328575584146,0.004773192015566821,0.5895328575584146,0.004773192015566821,0.6635983050179542,0.005926621363307601,0.16482796650639767,0.011239994834369948,0.2973191196405349,0.011612132957158528,0.44966078697421974,0.014970943138123952,0.6682644601295766,0.006199634845567668,abtype2_w55_t0.113
PA1_L1,804.0,0.4477611940298507,0.013086326803544915,724.8,0.19591281414031983,0.5522388059701493,0.013086326803544905,0.7483422766234512,0.007748633350948708,0.5897423105367208,0.004308346864276291,0.5897423105367208,0.004308346864276291,0.6643189751416931,0.005106446510094135,0.16582666950779312,0.009943450185608327,0.2985084772255243,0.010325735868891588,0.4477611940298507,0.013086326803544915,0.669042293580086,0.005290313166584396,abtype2_w55_t0.113
PA1_L1,871.0,0.4484500574052813,0.010587501155819528,776.25,0.21214464902877808,0.5515499425947187,0.010587501155819525,0.7483376359952681,0.0061048039227422765,0.5892685926208052,0.0027157629258611872,0.5892685926208052,0.0027157629258611872,0.664053151695689,0.003758832241818077,0.16485590457844845,0.006921819728948422,0.2977560861336229,0.0071919625582349675,0.4484500574052813,0.010587501155819528,0.6688031143080366,0.00394800761714226,abtype2_w55_t0.113
PA1_L1,938.0,0.44648187633262265,0.007028166193539236,826.0,0.23243852853775024,0.5535181236673774,0.007028166193539225,0.7493410487871337,0.004401456075799908,0.5905624448333582,0.0018533916144602008,0.5905624448333582,0.0018533916144602008,0.6652296166508228,0.002755093959598383,0.16748490943397454,0.004719638006161429,0.3005293751759986,0.00521929725607231,0.44648187633262265,0.007028166193539236,0.6699517468102459,0.002894439879859053,abtype2_w55_t0.113
PA1_L1,1000.0,0.4467,0.007000714249274862,873.2,0.25113346576690676,0.5533,0.007000714249274837,0.7493888888888889,0.0048269434133879525,0.5905483320922331,0.0015904502910087932,0.5905483320922331,0.0015904502910087932,0.6652434013201213,0.0030353691003453687,0.1673936040859544,0.004690846061647002,0.30054424235885546,0.005540964253116188,0.4467,0.007000714249274862,0.6699686104905609,0.003205659150330088,abtype2_w55_t0.113
PA1_L2,67.0,0.4656716417910448,0.0716728788271222,61.6,0.0029174327850341798,0.5343283582089552,0.0716728788271222,0.7103037947005271,0.05776717369784364,0.5827938627027215,0.03623851398421299,0.5827938627027215,0.03623851398421299,0.6431337079850185,0.04276080840180944,0.14995238869318442,0.069435246529925,0.2604578003899184,0.0881148780654523,0.4656716417910448,0.0716728788271222,0.6465488287016242,0.043668632920121866,abtype2_w55_t0.113
PA1_L2,134.0,0.46044776119402986,0.03649093486088852,115.8,0.014084887504577637,0.5395522388059701,0.03649093486088851,0.731339644691741,0.0268723437261005,0.5851942535194814,0.021207166932540124,0.5851942535194814,0.021207166932540124,0.6540671833764844,0.01997965691051959,0.15461148077801445,0.04011149061589332,0.2788547421083877,0.04454777909682107,0.46044776119402986,0.03649093486088852,0.6582669491056111,0.02016485815773174,abtype2_w55_t0.113
PA1_L2,201.0,0.449502487562189,0.03198331753708801,166.4,0.03368519544601441,0.5504975124378111,0.031983317537088,0.7403570137688388,0.02198447956589221,0.5924677654519986,0.015862453103012295,0.5924677654519986,0.015862453103012295,0.6622225216231353,0.01590365355881989,0.16921919447299918,0.032295695758624086,0.29722229227506475,0.03428888885298614,0.449502487562189,0.03198331753708801,0.6664123896104186,0.016146147175077202,abtype2_w55_t0.113
PA1_L2,268.0,0.4453358208955224,0.026391836150046605,217.6,0.05334781408309937,0.5546641791044775,0.026391836150046605,0.7445222539017214,0.017343931669282837,0.5937466168198112,0.015238700565476245,0.5937466168198112,0.015238700565476245,0.6648192577954679,0.013906958319470074,0.172552516518007,0.029386061396161397,0.301944234632928,0.03168807079226371,0.4453358208955224,0.026391836150046605,0.6691344353607663,0.013910330775098113,abtype2_w55_t0.113
PA1_L2,335.0,0.4513432835820896,0.019197534556195255,270.45,0.06872644424438476,0.5486567164179104,0.019197534556195262,0.7431733647384922,0.012483960279945005,0.5904088712209399,0.012471917959479217,0.5904088712209399,0.012471917959479217,0.6623700769540842,0.010855546206621783,0.1653446764161059,0.023149368143507695,0.2959843741902045,0.02523143330814932,0.4513432835820896,0.019197534556195255,0.666791117979716,0.010759027182145879,abtype2_w55_t0.113
PA1_L2,402.0,0.44813432835820893,0.021301362651032964,320.65,0.08695863485336304,0.551865671641791,0.021301362651032957,0.7456339248315902,0.012626488732627122,0.5921778422704936,0.012744483927438224,0.5921778422704936,0.012744483927438224,0.6644644117719194,0.011440975260364781,0.16930739810754733,0.02488257015609918,0.3004134162421749,0.02652634243129452,0.44813432835820893,0.021301362651032964,0.6689058835510419,0.011333285931415787,abtype2_w55_t0.113
PA1_L2,469.0,0.44466950959488266,0.019171692508149932,371.6,0.1033049464225769,0.5553304904051173,0.01917169250814993,0.7485787269389341,0.01114306178316967,0.5921867329627725,0.00984707555498778,0.5921867329627725,0.00984707555498778,0.6657887476498028,0.009306015697783993,0.17066276444407297,0.019971644974305938,0.3024480534904535,0.020959218436349545,0.44466950959488266,0.019171692508149932,0.6703827299508534,0.009312199399331911,abtype2_w55_t0.113
PA1_L2,536.0,0.4430037313432836,0.015242377463127179,422.5,0.12081866264343262,0.5569962686567165,0.015242377463127173,0.7500481985885725,0.008649387202327144,0.5923319930526111,0.007733489590610237,0.5923319930526111,0.007733489590610237,0.66652939725904,0.007158314765368172,0.17142390825424753,0.015598936400460962,0.30369165183493096,0.016177541423861776,0.4430037313432836,0.015242377463127179,0.6711900958205919,0.007156951355198509,abtype2_w55_t0.113
PA1_L2,603.0,0.4458540630182421,0.014045122613439848,473.75,0.13639971017837524,0.554145936981758,0.014045122613439853,0.7491104847176293,0.006536192776644694,0.5912741495377641,0.008105291615263095,0.5912741495377641,0.008105291615263095,0.665519599469586,0.006725956906708171,0.16881059313890137,0.016175460432683985,0.3013534510002862,0.016221348812830234,0.4458540630182421,0.014045122613439848,0.6701923171276968,0.00656200416494415,abtype2_w55_t0.113
PA1_L2,670.0,0.44574626865671646,0.011631022574203464,525.45,0.1534404158592224,0.5542537313432836,0.011631022574203469,0.7496271938421345,0.005923598063157089,0.5908063628473099,0.0059166262239360905,0.5908063628473099,0.0059166262239360905,0.6654890095393089,0.005208148371503901,0.16812315434622996,0.01187302577268788,0.30099548000673665,0.012066239882655172,0.44574626865671646,0.011631022574203464,0.6702167783447223,0.005161321618881135,abtype2_w55_t0.113
PA1_L2,737.0,0.4456580732700135,0.012200167959731768,576.95,0.17085589170455934,0.5543419267299865,0.01220016795973178,0.7500479644582682,0.0065845638213534305,0.5906160454117881,0.00453122286077288,0.5906160454117881,0.00453122286077288,0.6655714303201172,0.005007704918901457,0.16792648033691387,0.010470883147172413,0.3010006949280787,0.01059177890568092,0.4456580732700135,0.012200167959731768,0.6703320049350282,0.005098409560019302,abtype2_w55_t0.113
PA1_L2,804.0,0.44732587064676615,0.010205638844829041,629.3,0.18829562664031982,0.5526741293532338,0.010205638844829033,0.7495451024420213,0.005995711411631858,0.5896599231747961,0.004182935584675901,0.5896599231747961,0.004182935584675901,0.6648104037361712,0.004630305623454944,0.16587322270531277,0.009230592171428468,0.29911562530776636,0.00985099219262813,0.44732587064676615,0.010205638844829041,0.6696025128084088,0.004707859212481707,abtype2_w55_t0.113
PA1_L2,871.0,0.4456946039035591,0.007463569673086107,680.45,0.20548290014266968,0.554305396096441,0.007463569673086114,0.7505796163181717,0.004739471618853994,0.590225081595664,0.003224162176551682,0.590225081595664,0.003224162176551682,0.6655884241264555,0.003532777109819088,0.16730012761465615,0.0070916077199626336,0.3006928703165356,0.007491681661417571,0.4456946039035591,0.007463569673086107,0.6704023489569179,0.0036016986474652663,abtype2_w55_t0.113
PA1_L2,938.0,0.44488272921108746,0.00744820404038745,730.35,0.22234880924224854,0.5551172707889125,0.007448204040387439,0.7509769555974245,0.004271792767369036,0.5910295777784867,0.0029043441418119226,0.5910295777784867,0.0029043441418119226,0.6662191066650076,0.0032931802515182317,0.16880087492631074,0.006770638027111557,0.30228084834282837,0.006942222992460849,0.44488272921108746,0.00744820404038745,0.6710032666879557,0.003353494277720945,abtype2_w55_t0.113
PA1_L2,1000.0,0.4454000000000001,0.004810405388322282,777.8,0.23885523080825805,0.5546,0.004810405388322271,0.7507777777777778,0.0031397491446544133,0.5910126302059393,0.00105149718838163,0.5910126302059393,0.00105149718838163,0.6661219825329455,0.0019819111471095457,0.1685525503676873,0.0030472359270320875,0.30215179193510044,0.0036294634095376376,0.4454000000000001,0.004810405388322282,0.6708952039918585,0.002092400095167112,abtype2_w55_t0.113
PA2_L1,67.0,0.4701492537313433,0.05751596677014236,67.0,0.00291365385055542,0.5298507462686568,0.05751596677014237,0.7006645960545697,0.06722647079748517,0.5625687942148864,0.0301747586686224,0.5625687942148864,0.0301747586686224,0.6273649325382282,0.042682080190863295,0.11743188614193581,0.05575152856036751,0.22080138729398863,0.08008770831155994,0.4701492537313433,0.05751596677014236,0.6316166951347282,0.04444906531600258,abtype2_w55_t0.113
PA2_L1,134.0,0.4563432835820896,0.034544662461967586,133.9,0.016350317001342773,0.5436567164179104,0.034544662461967565,0.7312279432305071,0.030327257724674244,0.5753272204987719,0.014641466493585107,0.5753272204987719,0.014641466493585107,0.6485239323658846,0.019668858364062472,0.14157120145754182,0.03126866909551282,0.26314693861179184,0.03903819416043244,0.4563432835820896,0.034544662461967586,0.6532775818646395,0.020516728076197848,abtype2_w55_t0.113
PA2_L1,201.0,0.4502487562189055,0.02911616893213837,200.25,0.03464887142181396,0.5497512437810945,0.02911616893213837,0.7403250679362345,0.01979586242662733,0.5800561131619718,0.012292192287597252,0.5800561131619718,0.012292192287597252,0.6552589480160577,0.013557247548824954,0.150494124560886,0.02627593227619088,0.2767829570531596,0.02865631088152745,0.4502487562189055,0.02911616893213837,0.6601905905491032,0.013955171316941411,abtype2_w55_t0.113
PA2_L1,268.0,0.4505597014925374,0.019704707731767714,264.45,0.052828621864318845,0.5494402985074627,0.01970470773176771,0.7424367701227838,0.015331859476248337,0.5825271278789466,0.010674987755614719,0.5825271278789466,0.010674987755614719,0.6575965735507674,0.01041842640223725,0.15378345630388446,0.019971104480565056,0.2823416467164835,0.022860164994995286,0.4505597014925374,0.019704707731767714,0.6624819490008653,0.010647733616894238,abtype2_w55_t0.113
PA2_L1,335.0,0.447910447761194,0.02054015513141161,325.8,0.06981312036514283,0.5520895522388061,0.020540155131411615,0.7461803028704261,0.013089074862430616,0.5833245615237026,0.009665876246732681,0.5833245615237026,0.009665876246732681,0.6597083222930118,0.008750408106166877,0.15607637216231846,0.01969061072984878,0.2859548533359557,0.01966351047228581,0.447910447761194,0.02054015513141161,0.6647524321970645,0.00890838586264571,abtype2_w55_t0.113
PA2_L1,402.0,0.4502487562189055,0.01767745075068644,385.2,0.08993384838104249,0.5497512437810946,0.01767745075068644,0.7452405655912486,0.010949232405301242,0.5860801278830773,0.008813536862339556,0.5860801278830773,0.008813536862339556,0.6608603042296755,0.007875108895734772,0.15945371389693092,0.017669214458723444,0.29023295720857856,0.017801117603885013,0.4502487562189055,0.01767745075068644,0.6656603467371628,0.007951576020753765,abtype2_w55_t0.113
PA2_L1,469.0,0.4505330490405117,0.015258243635662978,441.25,0.11100592613220214,0.5494669509594883,0.015258243635662987,0.7459069379325368,0.009162785582311475,0.5862261294169658,0.00751990648954681,0.5862261294169658,0.00751990648954681,0.6612433141075905,0.006442700491069261,0.15954471117866328,0.014788568296212393,0.2909504236821136,0.014786197165687858,0.4505330490405117,0.015258243635662978,0.6660665336747512,0.006494017584469247,abtype2_w55_t0.113
PA2_L1,536.0,0.4486007462686568,0.013172157086871902,494.7,0.12971426248550416,0.5513992537313434,0.0131721570868719,0.7471750078452492,0.008068098868494718,0.5879657551761934,0.006982060982130732,0.5879657551761934,0.006982060982130732,0.6627924082394552,0.006070855480673325,0.1628468867934039,0.013592483696264502,0.2947019206082575,0.013848421260736344,0.4486007462686568,0.013172157086871902,0.6675703815107212,0.006092440687803641,abtype2_w55_t0.113
PA2_L1,603.0,0.448424543946932,0.012988367661161706,547.3,0.14676513671875,0.551575456053068,0.012988367661161713,0.7472388707450991,0.007074846920826449,0.5897319310777192,0.00584391549661265,0.5897319310777192,0.00584391549661265,0.6638194615533293,0.005197097123575807,0.16552728745715656,0.0117946080958395,0.29774731458542375,0.011750848198636966,0.448424543946932,0.012988367661161706,0.6684854009114092,0.005232950327714599,abtype2_w55_t0.113
PA2_L1,670.0,0.4495522388059702,0.011889818666659365,598.55,0.16637493371963502,0.5504477611940299,0.011889818666659372,0.7472511416889587,0.007309448887312661,0.5887689174390053,0.005986774521692353,0.5887689174390053,0.005986774521692353,0.6632809090791145,0.005187957812541418,0.16366529636121688,0.011430664335517806,0.2961359121198164,0.011718375201442144,0.4495522388059702,0.011889818666659365,0.6680100295639819,0.0052377602043853794,abtype2_w55_t0.113
PA2_L1,737.0,0.44843962008141114,0.010158283302168137,648.9,0.18714263439178466,0.5515603799185889,0.010158283302168144,0.747958344454844,0.005646779729313158,0.5898376930660312,0.004856292704381548,0.5898376930660312,0.004856292704381548,0.6642025601711258,0.004297347645669377,0.165692461582684,0.009825299346926225,0.29840688699366097,0.009761520970920576,0.44843962008141114,0.010158283302168137,0.6688980187604374,0.004313848745831808,abtype2_w55_t0.113
PA2_L1,804.0,0.44856965174129354,0.008120614285681985,698.4,0.20749821662902831,0.5514303482587065,0.008120614285681987,0.7480340571424675,0.0049202670221471095,0.5901431067206472,0.0037451008137101,0.5901431067206472,0.0037451008137101,0.6644090723753925,0.0032682504419058863,0.1660596657942525,0.007250608026415376,0.2989861642517002,0.00730298038807971,0.44856965174129354,0.008120614285681985,0.6690885819315573,0.003322040382944825,abtype2_w55_t0.113
PA2_L1,871.0,0.44839265212399537,0.006620051108803789,745.65,0.22447491884231568,0.5516073478760045,0.006620051108803782,0.7483431512221641,0.004058380526704535,0.5902088667985805,0.0032069480009727014,0.5902088667985805,0.0032069480009727014,0.6645855793099137,0.002871286879998856,0.1662279563444769,0.006158327359678124,0.29930520978194614,0.006426617777605116,0.44839265212399537,0.006620051108803789,0.6692760090103723,0.0029026487661148,abtype2_w55_t0.113
PA2_L1,938.0,0.44930703624733487,0.006248053329072583,793.2,0.24467968940734863,0.5506929637526653,0.006248053329072576,0.7481012049256103,0.003541493067342443,0.5898562224488837,0.002898077108458168,0.5898562224488837,0.002898077108458168,0.6642816191165102,0.002862332382810575,0.1653889550392263,0.005952119429235982,0.2985934107643002,0.006337986276509375,0.44930703624733487,0.006248053329072583,0.6689787136872469,0.0028794277104487514,abtype2_w55_t0.113
PA2_L1,1000.0,0.4478000000000001,0.004749736834815171,835.15,0.26275068521499634,0.5522,0.004749736834815171,0.7489999999999999,0.0028196838978776714,0.5904413382922564,0.0009419298300307041,0.5904413382922564,0.0009419298300307041,0.6650112965969042,0.001776760007109657,0.1668081522036423,0.0027823998063925253,0.30013243807408607,0.0032509908745588325,0.4478000000000001,0.004749736834815171,0.6697206691461282,0.0018759026177901346,abtype2_w55_t0.113
PA2_L2,67.0,0.44925373134328356,0.05037175233040658,57.05,0.0023458361625671386,0.5507462686567165,0.05037175233040657,0.7236735524433355,0.04812600928205716,0.581544392080578,0.028047357039622075,0.581544392080578,0.028047357039622075,0.6483996052027117,0.031464131610503925,0.1515900144321101,0.0536088222341927,0.26655468433824414,0.06450480315181412,0.44925373134328356,0.05037175233040658,0.6526089722619568,0.03252020131968832,abtype2_w55_t0.113
PA2_L2,134.0,0.45261194029850743,0.03534155338140932,111.35,0.012332093715667725,0.5473880597014926,0.03534155338140932,0.7351037528955044,0.02409017355428249,0.5876366529947872,0.018689053948500935,0.5876366529947872,0.018689053948500935,0.6571068091072167,0.01621832322470225,0.16020527405557666,0.033794485371000854,0.2853104371406174,0.03642407186467207,0.45261194029850743,0.03534155338140932,0.6613702029451458,0.01648169025844266,abtype2_w55_t0.113
PA2_L2,201.0,0.44825870646766164,0.026321182221714024,164.4,0.03432909250259399,0.5517412935323384,0.026321182221714028,0.7416177872598758,0.01668827138813259,0.5890500945367306,0.014608688979507112,0.5890500945367306,0.014608688979507112,0.6608789528131277,0.01247730679343837,0.16420023541654938,0.026904569844277974,0.29237945532213044,0.029072054229054883,0.44825870646766164,0.026321182221714024,0.6653339408983032,0.012502037003124994,abtype2_w55_t0.113
PA2_L2,268.0,0.44309701492537307,0.03293055787245405,216.05,0.05452430248260498,0.5569029850746269,0.03293055787245403,0.7465755728106304,0.02007996685796842,0.5913146490316932,0.015199711604981696,0.5913146490316932,0.015199711604981696,0.664360374942384,0.014803420168157713,0.16991324167979546,0.030942890114623596,0.29921271521916465,0.03266042766970947,0.44309701492537307,0.03293055787245405,0.6689451109211619,0.014998239580910153,abtype2_w55_t0.113
PA2_L2,335.0,0.44761194029850737,0.028530115247796903,269.25,0.06815967559814454,0.5523880597014925,0.028530115247796896,0.7461808898548768,0.015786389182862785,0.5883692827917597,0.012184247141314249,0.5883692827917597,0.012184247141314249,0.6625670756324598,0.01255679405338581,0.16409537296101206,0.025952471826446607,0.2945323995365552,0.027595859946020915,0.44761194029850737,0.028530115247796903,0.6672750863233183,0.012683074807285531,abtype2_w55_t0.113
PA2_L2,402.0,0.4462686567164179,0.02181976344237651,321.35,0.08770984411239624,0.5537313432835822,0.0218197634423765,0.7477121169309368,0.01324271566783338,0.5886844094829625,0.010801736379607182,0.5886844094829625,0.010801736379607182,0.6634268480442612,0.010584046203746025,0.16479565002668278,0.021709612815563373,0.2960259888324841,0.023756684699188704,0.4462686567164179,0.02181976344237651,0.6681982632069496,0.010648056977185268,abtype2_w55_t0.113
PA2_L2,469.0,0.4476545842217484,0.019824551754790285,374.25,0.10833004713058472,0.5523454157782517,0.01982455175479028,0.7475594571152995,0.011386022446159987,0.5892121097210313,0.009658292824784623,0.5892121097210313,0.009658292824784623,0.6636642106159123,0.009450695031273304,0.16514039303603786,0.019670433332971266,0.2969244158523788,0.0212310610692594,0.4476545842217484,0.019824551754790285,0.6683857834181655,0.009483598576453011,abtype2_w55_t0.113
PA2_L2,536.0,0.4478544776119402,0.019112665499945555,426.3,0.12808271646499633,0.5521455223880596,0.019112665499945544,0.748020748447482,0.011288390279462969,0.5895371760431093,0.007834751820648,0.5895371760431093,0.007834751820648,0.664054975954075,0.008486350160583281,0.16560383239457488,0.01710911738226451,0.29785834238320125,0.018129418225892473,0.4478544776119402,0.019112665499945555,0.6687789622452958,0.008642774804129307,abtype2_w55_t0.113
PA2_L2,603.0,0.4462686567164179,0.015940251578768598,478.1,0.14213908910751344,0.5537313432835822,0.0159402515787686,0.7491506196624831,0.00996411995949469,0.5901449794982694,0.006569952318499448,0.5901449794982694,0.006569952318499448,0.664900746202154,0.007217506002815411,0.167001113635942,0.014060568785101965,0.29958970250431777,0.015335925280123298,0.4462686567164179,0.015940251578768598,0.6696477995803762,0.007377045183112832,abtype2_w55_t0.113
PA2_L2,670.0,0.44544776119402985,0.01421813167873859,529.35,0.16413772106170654,0.5545522388059702,0.014218131678738581,0.749704346913282,0.00847424398159867,0.5909855502421479,0.005680831819243231,0.5909855502421479,0.005680831819243231,0.6656238534012253,0.006285065465431937,0.1685342336879006,0.012426545193684477,0.3013644579010992,0.013346694778825788,0.44544776119402985,0.01421813167873859,0.6703449485777149,0.006411810030466098,abtype2_w55_t0.113
PA2_L2,737.0,0.4445047489823609,0.014323629004501107,581.15,0.18481361865997314,0.555495251017639,0.014323629004501097,0.750517153905258,0.008496681001277047,0.5910587096377978,0.005482534785717797,0.5910587096377978,0.005482534785717797,0.666026201760677,0.006224290913570879,0.16899822921030988,0.01218577340049495,0.301987200835949,0.013060488569716935,0.4445047489823609,0.014323629004501107,0.670787931771528,0.006366654094322171,abtype2_w55_t0.113
PA2_L2,804.0,0.4455223880597015,0.013225084080616756,633.15,0.20526951551437378,0.5544776119402985,0.013225084080616754,0.7502111700401413,0.00785118245691038,0.5909061064478199,0.004532221319810167,0.5909061064478199,0.004532221319810167,0.6658058912729883,0.0055177709848092515,0.16839512807382456,0.010609399162571578,0.30158087871075223,0.011231349961782561,0.4455223880597015,0.013225084080616756,0.6705586382439807,0.005685956225975317,abtype2_w55_t0.113
PA2_L2,871.0,0.44512055109070037,0.011389416130830565,685.45,0.22015255689620972,0.5548794489092996,0.011389416130830552,0.7504710835819507,0.006843858240836174,0.5915476836843476,0.004337985508589804,0.5915476836843476,0.004337985508589804,0.6662842444706405,0.005066349579804036,0.16950032218729758,0.010184122288736825,0.30280982101295645,0.01049414489192648,0.44512055109070037,0.011389416130830565,0.6710093836331492,0.005184564583372228,abtype2_w55_t0.113
PA2_L2,938.0,0.4472814498933902,0.01023939894505965,738.05,0.24183740615844726,0.5527185501066099,0.010239398945059638,0.7497671057186338,0.006380410447216189,0.5902382229253658,0.0030041133001772625,0.5902382229253658,0.0030041133001772625,0.6652355569131929,0.004345337890706573,0.16676175657726303,0.007958993152643173,0.30024423519787236,0.008464898960223144,0.4472814498933902,0.01023939894505965,0.6700026643219996,0.0045216823653747695,abtype2_w55_t0.113
PA2_L2,1000.0,0.446,0.008306623862918082,784.3,0.261799681186676,0.554,0.00830662386291806,0.7504444444444445,0.005292669050584253,0.5909238773035905,0.0016942766236018767,0.5909238773035905,0.0016942766236018767,0.6659231056135655,0.003299592788628254,0.1682219501015521,0.005450018473036979,0.30180341247621195,0.005994691984557943,0.446,0.008306623862918082,0.6706841608740175,0.003490741326326159,abtype2_w55_t0.113
OGD_1,67.0,0.47238805970149256,0.0749656489240307,36.45,0.0014318466186523438,0.5276119402985074,0.0749656489240307,0.5958446748377196,0.19204594613165027,0.5368943630834438,0.08125091213683783,0.5368943630834438,0.08125091213683783,0.5625331255161787,0.1365534935648838,0.06620270471877583,0.16481016053431885,0.11764070420950626,0.2470710110512101,0.47238805970149256,0.0749656489240307,0.5663695189605816,0.13587936706588477,abtype2_w55_t0.113
OGD_1,134.0,0.4686567164179104,0.06138484991844416,72.5,0.0099342942237854,0.5313432835820896,0.06138484991844415,0.624383978567488,0.17496036286033323,0.5464794106675368,0.06732770350382743,0.5464794106675368,0.06732770350382743,0.5814342768567247,0.12121291032743867,0.08508701232688817,0.1344332811321532,0.15117973311954888,0.21552601132961266,0.4686567164179104,0.06138484991844416,0.5854316946175124,0.12065959019447355,abtype2_w55_t0.113
OGD_1,201.0,0.4674129353233831,0.04462314942623638,111.25,0.03013821840286255,0.5325870646766168,0.04462314942623638,0.6557605171174148,0.1361662815507931,0.5585167121294062,0.05236392207559516,0.5585167121294062,0.05236392207559516,0.6037920613006171,0.09262638855229409,0.1073769041774546,0.10022419416452104,0.19014446465420684,0.16693899679606958,0.4674129353233831,0.04462314942623638,0.6071386146234105,0.09362935294138666,abtype2_w55_t0.113
OGD_1,268.0,0.46399253731343276,0.034869098526896486,148.15,0.045203673839569095,0.5360074626865672,0.034869098526896465,0.6702878755300392,0.11147425955700538,0.563004777214861,0.0427152810783163,0.563004777214861,0.0427152810783163,0.6134964237119569,0.07517630804304526,0.11639883474869694,0.08081504692414905,0.20667852795967345,0.13717156186322807,0.46399253731343276,0.034869098526896486,0.61664632637245,0.0767450847169469,abtype2_w55_t0.113
OGD_1,335.0,0.4570149253731343,0.030731774586869966,184.25,0.06242517232894897,0.5429850746268656,0.030731774586869966,0.6882876601110143,0.0913628774574094,0.5693468228198315,0.034704029702783405,0.5693468228198315,0.034704029702783405,0.6254987453487109,0.061006134052040015,0.12962342638733806,0.06518842066392694,0.2282152303840257,0.11193997524665618,0.4570149253731343,0.030731774586869966,0.6288172414654231,0.06273678698315467,abtype2_w55_t0.113
OGD_1,402.0,0.4577114427860696,0.03096989949748441,223.2,0.07843190431594849,0.5422885572139304,0.030969899497484406,0.6962959245350924,0.08263060960171774,0.5722590704385621,0.03113637198088168,0.5722590704385621,0.03113637198088168,0.6308431176319509,0.05501500684423199,0.13485613269100907,0.0587703400658336,0.23801780514101328,0.10097670352723317,0.4577114427860696,0.03096989949748441,0.6342774974868273,0.05668631743507765,abtype2_w55_t0.113
OGD_1,469.0,0.45778251599147113,0.026819095240222763,262.55,0.09755822420120239,0.5422174840085286,0.02681909524022276,0.7017170417800278,0.07295010132932445,0.5754497181692269,0.02816802980354453,0.5754497181692269,0.02816802980354453,0.6351700506663971,0.048880360961618276,0.13965771863041793,0.05236686137425517,0.24661499752760876,0.09038061131190335,0.45778251599147113,0.026819095240222763,0.6385833799746273,0.050423142593043035,abtype2_w55_t0.113
OGD_1,536.0,0.4588619402985075,0.023208497799878755,301.65,0.11680562496185302,0.5411380597014925,0.023208497799878762,0.7068875463355182,0.06402476528022208,0.5768221183074279,0.024468514636670893,0.5768221183074279,0.024468514636670893,0.6383351486262335,0.04266600391016529,0.14170688835370024,0.045014605589673344,0.25202777936483817,0.07893838475601353,0.4588619402985075,0.023208497799878755,0.641854832321473,0.04411755528018638,abtype2_w55_t0.113
OGD_1,603.0,0.4573797678275289,0.023274036209418023,340.5,0.1338346481323242,0.5426202321724711,0.023274036209418016,0.7123695681289368,0.055347954259673295,0.5788043568039225,0.02148519460842392,0.5788043568039225,0.02148519460842392,0.6419719361689329,0.03694915521903824,0.14538100847997157,0.03958597523386994,0.25864734482896423,0.06874975452148827,0.4573797678275289,0.023274036209418023,0.6455869624664297,0.03829557432901501,abtype2_w55_t0.113
OGD_1,670.0,0.45768656716417916,0.018433137951478825,380.1,0.15092821121215821,0.5423134328358208,0.01843313795147882,0.7161875406633463,0.047386802122171556,0.5796177585161791,0.018262854759470714,0.5796177585161791,0.018262854759470714,0.6441825777982676,0.031467351058848014,0.14661410257685525,0.033000385005251084,0.2623130342965446,0.05853908578904215,0.45768656716417916,0.018433137951478825,0.6479026495897626,0.03267943668917801,abtype2_w55_t0.113
OGD_1,737.0,0.45732700135685206,0.01832742582654689,419.85,0.16860195398330688,0.5426729986431479,0.018327425826546888,0.7185666765099155,0.04397619412118914,0.5806694806221213,0.01736714700612851,0.5806694806221213,0.01736714700612851,0.6458582124150287,0.02944498097022085,0.1484198820998531,0.03144681762796921,0.2655124041453574,0.055047241293013104,0.45732700135685206,0.01832742582654689,0.6496180785660182,0.030560271016101266,abtype2_w55_t0.113
OGD_1,804.0,0.4576492537313433,0.0164981596338854,459.45,0.18814308643341066,0.5423507462686568,0.01649815963388539,0.7208380021862546,0.03931172909881141,0.5806680901279562,0.015062809965355467,0.5806680901279562,0.015062809965355467,0.6468916285656532,0.02600324988003321,0.14840865677784135,0.027162116290889476,0.26688733943576926,0.04836068517981079,0.4576492537313433,0.0164981596338854,0.6507530461571054,0.027050621396724907,abtype2_w55_t0.113
OGD_1,871.0,0.4581515499425947,0.015601040381742145,500.25,0.2052985906600952,0.5418484500574052,0.015601040381742138,0.7225425259730754,0.03607769068739119,0.581220609946369,0.013461629418456486,0.581220609946369,0.013461629418456486,0.6479761042324593,0.02368728456986232,0.14911030240947584,0.024134651993057917,0.2688578182603252,0.04388254946653683,0.4581515499425947,0.015601040381742145,0.6518815679597224,0.024687234193757217,abtype2_w55_t0.113
OGD_1,938.0,0.4565565031982943,0.015973248323627388,539.85,0.2216242551803589,0.5434434968017059,0.0159732483236274,0.7250328492762803,0.03241832239724365,0.5823111861021,0.012015474073612191,0.5823111861021,0.012015474073612191,0.64971435965893,0.02126086786703653,0.15127098328800362,0.02137665813025517,0.27218404655750006,0.03938106957303858,0.4565565031982943,0.015973248323627388,0.6536720176891903,0.022177633401130506,abtype2_w55_t0.113
OGD_1,1000.0,0.45504999999999995,0.014691749385284244,575.6,0.23847132921218872,0.5449500000000002,0.014691749385284237,0.7269722222222221,0.030562865287271417,0.5825375504870363,0.011229351390257398,0.5825375504870363,0.011229351390257398,0.6507157963604542,0.020010455174359672,0.152139617184511,0.019824771472662567,0.2737410859546743,0.03704235736369534,0.45504999999999995,0.014691749385284244,0.6547548863546292,0.02089188691168717,abtype2_w55_t0.113
OGD_2,67.0,0.4955223880597014,0.10063288257335865,56.15,0.0012898683547973634,0.5044776119402986,0.10063288257335866,0.5925157876309094,0.21989176337181926,0.5385068994918385,0.08600725409573803,0.5385068994918385,0.08600725409573803,0.5588720315140238,0.1551554708718273,0.07215699983322343,0.1572523685048286,0.11502918376724028,0.2652688893116352,0.4955223880597014,0.10063288257335865,0.5655113435613738,0.15035316047711358,abtype2_w55_t0.113
OGD_2,134.0,0.473134328358209,0.06775856395711144,111.4,0.010665822029113769,0.526865671641791,0.06775856395711147,0.6360945014948319,0.16267981467315407,0.5540432645771234,0.06774441511811788,0.5540432645771234,0.06774441511811788,0.5915751830359852,0.11353025873877322,0.0997988169010954,0.1296842429956856,0.16970904895546277,0.20572937051410595,0.473134328358209,0.06775856395711144,0.5950688830359777,0.11391544361167931,abtype2_w55_t0.113
OGD_2,201.0,0.4786069651741293,0.04998947935156405,168.85,0.02875509262084961,0.5213930348258706,0.04998947935156406,0.6500474248478911,0.14677980695051696,0.5600088231028163,0.056242593828116166,0.5600088231028163,0.056242593828116166,0.6015228823025776,0.10033636746264067,0.1074381554320798,0.10495632669705396,0.18900064614483927,0.1781990968894419,0.4786069651741293,0.04998947935156405,0.6050281239753539,0.10054511863732461,abtype2_w55_t0.113
OGD_2,268.0,0.4710820895522388,0.04025486511887068,226.35,0.043951117992401124,0.5289179104477613,0.04025486511887069,0.6701632756161489,0.12095568263045321,0.567286309137837,0.04611959967103433,0.567286309137837,0.04611959967103433,0.6155199549817254,0.08155820898839249,0.12170280172527895,0.08461790621378637,0.21350087577094423,0.1469164125394678,0.4710820895522388,0.04025486511887068,0.618724792376993,0.08282738860817526,abtype2_w55_t0.113
OGD_2,335.0,0.47134328358208955,0.03122079834106171,283.9,0.058672893047332766,0.5286567164179105,0.031220798341061704,0.6839076606285533,0.09522662541264984,0.5691913037879486,0.03642767230992333,0.5691913037879486,0.03642767230992333,0.6233478813773576,0.06367817481330813,0.1250896355912722,0.06599099264666203,0.2252472361479423,0.11634310652328014,0.47134328358208955,0.03122079834106171,0.626549482208251,0.06534807147178288,abtype2_w55_t0.113
OGD_2,402.0,0.4680348258706468,0.0242492660770305,342.1,0.07573741674423218,0.5319651741293533,0.0242492660770305,0.6953286738006874,0.07139262650028941,0.5725307301214236,0.02890374826246182,0.5725307301214236,0.02890374826246182,0.6306767862081065,0.04826945245675712,0.13190276172656873,0.05187233491640926,0.23772459817870625,0.09000445758735326,0.4680348258706468,0.0242492660770305,0.6339297019610556,0.04976083956238467,abtype2_w55_t0.113
OGD_2,469.0,0.4642857142857143,0.021617093893826052,400.3,0.09129489660263061,0.5357142857142857,0.02161709389382606,0.7055445536145457,0.05777580882916692,0.5753907040857056,0.024505784549935832,0.5753907040857056,0.024505784549935832,0.636984260331992,0.03930971736269832,0.1379482579487551,0.044101498354567045,0.24860138488237005,0.07418654320957543,0.4642857142857143,0.021617093893826052,0.6404676288501256,0.040618426254953065,abtype2_w55_t0.113
OGD_2,536.0,0.4602611940298508,0.019683498963151597,459.1,0.10950416326522827,0.5397388059701492,0.019683498963151604,0.7126416214769528,0.04882891645831856,0.578860800249036,0.021296086601516672,0.578860800249036,0.021296086601516672,0.642162272202681,0.03341624771225166,0.14453130748618773,0.03814386982517247,0.25869455875541053,0.06346967484612898,0.4602611940298508,0.019683498963151597,0.6457512108629943,0.034551579893499586,abtype2_w55_t0.113
OGD_2,603.0,0.461028192371476,0.017114235025331923,518.3,0.12794005870819092,0.5389718076285239,0.01711423502533192,0.7154886347205797,0.04400919997580769,0.5793049741439941,0.018772375105743335,0.5793049741439941,0.018772375105743335,0.643717165244942,0.029986263927449568,0.14497736804552191,0.03337576241789962,0.2612650522285073,0.056896521652296285,0.461028192371476,0.017114235025331923,0.647396804432287,0.031059987870202466,abtype2_w55_t0.113
OGD_2,670.0,0.4595522388059702,0.015249466354707754,577.55,0.1480758309364319,0.5404477611940298,0.015249466354707758,0.7193533938083575,0.03896442844958505,0.5804852969592899,0.016579399133030425,0.5804852969592899,0.016579399133030425,0.646133095354727,0.026549206485348305,0.14738510887194062,0.029356945828616626,0.26561170583041427,0.050441939904128895,0.4595522388059702,0.015249466354707754,0.6499193453838237,0.02752562836859903,abtype2_w55_t0.113
OGD_2,737.0,0.45753052917232023,0.01565739130176571,636.4,0.1660142421722412,0.5424694708276798,0.015657391301765713,0.7226534688855579,0.035929106661830405,0.5811844624614039,0.015417639487825235,0.5811844624614039,0.015417639487825235,0.6480183525776504,0.024597670744316957,0.14921700635908933,0.0276018457702022,0.26880106348616417,0.046919594081528335,0.45753052917232023,0.01565739130176571,0.6519189656734808,0.02551631811040736,abtype2_w55_t0.113
OGD_2,804.0,0.45628109452736315,0.014527634726215686,696.3,0.18408454656600953,0.5437189054726368,0.014527634726215691,0.7254683951510636,0.032366540113283306,0.5821085482969398,0.013603601159760465,0.5821085482969398,0.013603601159760465,0.6498057935000516,0.022035896432825313,0.15108624766039008,0.02433869094832672,0.27207287035315086,0.04189351158724906,0.45628109452736315,0.014527634726215686,0.6537884717240016,0.022892368846878505,abtype2_w55_t0.113
OGD_2,871.0,0.45510907003444323,0.013788743785076864,756.15,0.2038697600364685,0.5448909299655569,0.013788743785076859,0.7279928172738179,0.029238497657910388,0.5833371525939389,0.011777551295677879,0.5833371525939389,0.011777551295677879,0.6516269513509634,0.019598208370246145,0.15339587083525522,0.021031578118880276,0.2756465461153631,0.036961275306114115,0.45510907003444323,0.013788743785076864,0.6556649849338785,0.02041220946924412,abtype2_w55_t0.113
OGD_2,938.0,0.4553304904051173,0.01238648155561828,815.85,0.2225976347923279,0.5446695095948827,0.01238648155561828,0.7294974246540528,0.026212063976309905,0.5836616257551462,0.00990293505281262,0.5836616257551462,0.00990293505281262,0.6524858416408442,0.017210217902248335,0.15382301227393697,0.017442708482503632,0.27710954828394524,0.03206334354812498,0.4553304904051173,0.01238648155561828,0.6565795252045994,0.01798447239296062,abtype2_w55_t0.113
OGD_2,1000.0,0.45415,0.010174846436187622,871.5,0.2374102830886841,0.5458500000000001,0.010174846436187619,0.7312500000000001,0.0249696575125951,0.5840499433337158,0.009173974546988798,0.5840499433337158,0.009173974546988798,0.6534900139815797,0.01631670361732884,0.15483519491173756,0.01603266015574773,0.27882942064935656,0.030265496447869206,0.45415,0.010174846436187622,0.6576499716668579,0.01706948930758771,abtype2_w55_t0.113
Gaussian_Kernel_OGD,67.0,0.8291044776119405,0.08998341472389862,61.65,0.0035823822021484376,0.17089552238805972,0.08998341472389862,0.46919270619985565,0.05166160692002009,0.314505759980405,0.19487992235405008,0.314505759980405,0.19487992235405008,0.3596966136796911,0.15068377287079973,-0.011069888962142487,0.033224206374220154,-0.13621323473241775,0.1496597324602474,0.8291044776119405,0.08998341472389862,0.3918492330901303,0.11146074991158741,abtype2_w55_t0.113
Gaussian_Kernel_OGD,134.0,0.8402985074626865,0.05013903591713679,124.65,0.024894344806671142,0.15970149253731342,0.05013903591713679,0.4752580772867855,0.037095878636728204,0.44428483635423754,0.06722576700386856,0.44428483635423754,0.06722576700386856,0.45856716103380946,0.04905632056696713,-0.008833695720611467,0.013904810710329722,-0.06990278189175336,0.08239677703924218,0.8402985074626865,0.05013903591713679,0.45977145682051157,0.047371461099127245,abtype2_w55_t0.113
Gaussian_Kernel_OGD,201.0,0.8460199004975124,0.04085891886977253,185.35,0.04739093780517578,0.15398009950248753,0.040858918869772526,0.4907018816384185,0.019830919355884387,0.4674006699151992,0.04035886118020089,0.4674006699151992,0.04035886118020089,0.4787000974351375,0.029286538772321877,-0.003588189851631013,0.008053657514765592,-0.03516539908041125,0.05103165832080184,0.8460199004975124,0.04085891886977253,0.4790512757768089,0.028880338903467948,abtype2_w55_t0.113
Gaussian_Kernel_OGD,268.0,0.8458955223880595,0.03474559867538918,247.3,0.07103168964385986,0.1541044776119403,0.034745598675389164,0.4957630965257559,0.017802729520661226,0.4797874390998624,0.03248098039615279,0.4797874390998624,0.03248098039615279,0.4876061410701946,0.02460181561013854,-0.0017358624071103612,0.007495093964785387,-0.020273025950934626,0.044135311602880076,0.8458955223880595,0.03474559867538918,0.48777526781280917,0.024393311494260324,abtype2_w55_t0.113
Gaussian_Kernel_OGD,335.0,0.8526865671641792,0.03370987297149108,308.15,0.09581871032714843,0.14731343283582088,0.03370987297149109,0.4987245756956381,0.015551725674633358,0.48665715253248865,0.027180016020053543,0.48665715253248865,0.027180016020053543,0.49259960125372854,0.021095981882264303,-0.00028764863342434774,0.006775176906677805,-0.011367748396519538,0.03879366272700014,0.8526865671641792,0.03370987297149108,0.4926908641140635,0.020997981117847436,abtype2_w55_t0.113
Gaussian_Kernel_OGD,402.0,0.8503731343283581,0.026282068696582967,369.5,0.12103834152221679,0.1496268656716418,0.026282068696582978,0.5007512665520994,0.013335125114872863,0.4942163592221994,0.022428460029555362,0.4942163592221994,0.022428460029555362,0.4974444635826981,0.017759686355028916,0.0004631515182041357,0.0059215302326568785,-0.0033856332514245677,0.033449800790415256,0.8503731343283581,0.026282068696582967,0.4974838128871493,0.017711065295274636,abtype2_w55_t0.113
Gaussian_Kernel_OGD,469.0,0.8552238805970148,0.021753626196134686,430.85,0.1460658550262451,0.14477611940298507,0.021753626196134686,0.5022827558400892,0.010811094140403096,0.49938699276702775,0.018139233182990513,0.49938699276702775,0.018139233182990513,0.5008151379749902,0.01435940416971629,0.0010752471687040632,0.004599885117263237,0.0025555101854983888,0.027238792292041923,0.8552238805970148,0.021753626196134686,0.5008348743035584,0.014343565173801143,abtype2_w55_t0.113
Gaussian_Kernel_OGD,536.0,0.8509328358208954,0.026666054631166138,493.25,0.16968609094619752,0.14906716417910448,0.026666054631166135,0.5041864438838566,0.012923833116102266,0.5018445443113112,0.016160821815461676,0.5018445443113112,0.016160821815461676,0.5030029051710339,0.014247798208106057,0.001864949503771668,0.005622320146520269,0.0065214379972439816,0.02748060976813893,0.8509328358208954,0.026666054631166138,0.5030154940975838,0.014244384815192074,abtype2_w55_t0.113
Gaussian_Kernel_OGD,603.0,0.8538142620232174,0.023378232445308136,554.5,0.19613418579101563,0.14618573797678278,0.023378232445308133,0.5049085847743232,0.011286065256336502,0.5053154049232635,0.013271036854204565,0.5053154049232635,0.013271036854204565,0.5051059792645027,0.012065045552446035,0.0021692492086418215,0.005098618150453038,0.010185772735077616,0.02363753562356389,0.8538142620232174,0.023378232445308136,0.5051119948487932,0.012068087929406043,abtype2_w55_t0.113
Gaussian_Kernel_OGD,670.0,0.8543283582089553,0.024248104973116108,615.85,0.22059468030929566,0.14567164179104478,0.0242481049731161,0.5044780253916284,0.010140894598516243,0.5054056840261147,0.012534943451446394,0.5054056840261147,0.012534943451446394,0.5049353482589749,0.011111884820782974,0.002012526474842785,0.004621914118808574,0.0097000595864531,0.021707363526305774,0.8543283582089553,0.024248104973116108,0.5049418547088717,0.011115297606845879,abtype2_w55_t0.113
Gaussian_Kernel_OGD,737.0,0.8548168249660787,0.02280964840074123,677.0,0.24697962999343873,0.14518317503392134,0.02280964840074122,0.5056015411680235,0.00940672266082532,0.5079370401353397,0.011850103762467642,0.5079370401353397,0.011850103762467642,0.5067616079857308,0.010385771399588973,0.0024575080938047055,0.0042442331314921184,0.013104293702990108,0.0202948560776141,0.8548168249660787,0.02280964840074123,0.5067692906516814,0.010389825847804948,abtype2_w55_t0.113
Gaussian_Kernel_OGD,804.0,0.8545398009950247,0.02103967026378483,737.55,0.2713161587715149,0.14546019900497512,0.021039670263784838,0.5065226246878932,0.008637124190092934,0.5105191673201751,0.010418791291880366,0.5105191673201751,0.010418791291880366,0.508511757444265,0.009279525532735228,0.0028230301383122547,0.003979242649592256,0.016167378241359116,0.01833848623346123,0.8545398009950247,0.02103967026378483,0.5085208960040343,0.009283965526763733,abtype2_w55_t0.113
Gaussian_Kernel_OGD,871.0,0.8554535017221584,0.018787933858748815,798.8,0.29496928453445437,0.14454649827784158,0.018787933858748808,0.5069496853859324,0.007922765213103552,0.512058677480681,0.010805700344038677,0.512058677480681,0.010805700344038677,0.5094900765827404,0.009038577715176448,0.002988059385988823,0.003545740935489008,0.01792970127533725,0.01758226869746521,0.8554535017221584,0.018787933858748815,0.5095041814333066,0.009044757036691844,abtype2_w55_t0.113
Gaussian_Kernel_OGD,938.0,0.8569296375266525,0.016689117649107913,860.45,0.318233048915863,0.14307036247334753,0.01668911764910791,0.5073588112097531,0.007076935990236344,0.5132711852577909,0.010677393140443527,0.5132711852577909,0.010677393140443527,0.5102973196910829,0.008506504460546085,0.0031150045829184347,0.0030770532312033197,0.019416071307987098,0.0163059390418898,0.8569296375266525,0.016689117649107913,0.510314998233772,0.008517675594599523,abtype2_w55_t0.113
Gaussian_Kernel_OGD,1000.0,0.8570499999999999,0.016445288078960504,917.6,0.340938925743103,0.14295000000000002,0.01644528807896049,0.507638888888889,0.006878296067350063,0.5139470319448052,0.010741463338613113,0.5139470319448052,0.010741463338613113,0.5107734059266704,0.008416588396808006,0.00323070609521669,0.002967498035623467,0.020287836908931597,0.01605635870481801,0.8570499999999999,0.016445288078960504,0.5107929604168471,0.0084307743918217,abtype2_w55_t0.113
OGD,67.0,0.4776119402985074,0.04273976436798912,57.4,0.0009632587432861328,0.5223880597014926,0.04273976436798911,0.5855630457652262,0.2015231378672741,0.5352720560680639,0.06996037580878643,0.5352720560680639,0.06996037580878643,0.5547276885501273,0.13497675638617934,0.05439735999133606,0.14027830042643533,0.1103929518576299,0.22340395105812927,0.4776119402985074,0.04273976436798912,0.5604175509166451,0.1327761506899114,abtype2_w55_t0.113
OGD,134.0,0.47388059701492535,0.0390990653654619,114.75,0.008681118488311768,0.5261194029850745,0.039099065365461885,0.6101034415259479,0.17484700723183538,0.5373542564382437,0.06803479407043071,0.5373542564382437,0.06803479407043071,0.5698885882742648,0.12112995401683935,0.0610759353742044,0.13662694718998952,0.12742334784617823,0.2159392732152095,0.47388059701492535,0.0390990653654619,0.573728848982096,0.12083851249670885,abtype2_w55_t0.113
OGD,201.0,0.4666666666666666,0.027367706546219037,173.45,0.02589186429977417,0.5333333333333334,0.02736770654621903,0.6331151336257417,0.1625538784893071,0.546715394081588,0.06089512877300051,0.546715394081588,0.06089512877300051,0.5860061867745406,0.1114782433025413,0.0809564979407917,0.12068971306038345,0.15716597294893436,0.19738389043635146,0.4666666666666666,0.027367706546219037,0.5899152638536647,0.11127185167135106,abtype2_w55_t0.113
OGD,268.0,0.46287313432835814,0.028379680598702734,231.6,0.03621296882629395,0.5371268656716419,0.028379680598702724,0.6500745923485117,0.14820563840284992,0.554408106665571,0.05502729474503174,0.554408106665571,0.05502729474503174,0.5985929509228505,0.10070051800456017,0.09740973191116842,0.10800241691484962,0.18039855857836992,0.17974265748100052,0.46287313432835814,0.028379680598702734,0.6022413495070414,0.10135074863131993,abtype2_w55_t0.113
OGD,335.0,0.46179104477611943,0.025348539440587025,290.85,0.055326318740844725,0.5382089552238806,0.025348539440587018,0.667904542789748,0.1258195560545906,0.5600123445626733,0.04550071115293131,0.5600123445626733,0.04550071115293131,0.6104095993902143,0.08406504959320377,0.10982929057808206,0.08695547336345752,0.20047448615932364,0.15047741377905133,0.46179104477611943,0.025348539440587025,0.6139584436762106,0.08538870048103867,abtype2_w55_t0.113
OGD,402.0,0.46144278606965167,0.022477708843795966,351.15,0.0750421404838562,0.5385572139303484,0.022477708843795966,0.6818664088941314,0.10209542526065105,0.5663079658073954,0.03832850768195337,0.5663079658073954,0.03832850768195337,0.6207399993028452,0.06836924984685415,0.12178574341387674,0.07103542786088553,0.21938914041193674,0.12445746222195456,0.46144278606965167,0.022477708843795966,0.6240871873507633,0.06997284211045013,abtype2_w55_t0.113
OGD,469.0,0.45831556503198295,0.0188247081850969,411.5,0.08537020683288574,0.541684434968017,0.018824708185096902,0.691861532881772,0.09013433237749156,0.5695734006976949,0.03314528439297619,0.5695734006976949,0.03314528439297619,0.6272393283168245,0.05980925597659236,0.12869500633581388,0.06082751545321973,0.23090617889378223,0.10880146019698886,0.45831556503198295,0.0188247081850969,0.6307174667897336,0.061448351758762634,abtype2_w55_t0.113
OGD,536.0,0.45597014925373136,0.01886451441755901,472.05,0.10298415422439575,0.5440298507462689,0.01886451441755902,0.6988915295265483,0.08213393951306136,0.5734592049723206,0.031046201880968904,0.5734592049723206,0.031046201880968904,0.6326779739602538,0.05473097779817738,0.13613005716027823,0.0563092766390392,0.24154467067420718,0.1003110050390108,0.45597014925373136,0.01886451441755901,0.6361753672494345,0.05632957978095262,abtype2_w55_t0.113
OGD,603.0,0.45538971807628525,0.016311193109037215,531.95,0.12192056179046631,0.5446102819237147,0.01631119310903721,0.7050572844873872,0.07182958114761764,0.5748172942736784,0.026556897427949106,0.5748172942736784,0.026556897427949106,0.6363182849331689,0.047399697800200376,0.1388440944021144,0.04775082477087784,0.2475885038912793,0.08684203812731134,0.45538971807628525,0.016311193109037215,0.6399372893805328,0.04899463888668323,abtype2_w55_t0.113
OGD,670.0,0.45425373134328356,0.01585377462146708,591.7,0.13542767763137817,0.5457462686567165,0.01585377462146707,0.7092919057673284,0.065333985375011,0.5765322915269352,0.024812220049774233,0.5765322915269352,0.024812220049774233,0.6392434786875657,0.04336929946086872,0.14209783606058246,0.04439012382926637,0.25298500674695457,0.08001672633857781,0.45425373134328356,0.01585377462146708,0.6429120986471317,0.0448638013388976,abtype2_w55_t0.113
OGD,737.0,0.45373134328358206,0.015538178341251176,651.9,0.15422303676605226,0.5462686567164179,0.01553817834125117,0.7131629684288128,0.059856051468341526,0.5777510856115582,0.02271454562819954,0.5777510856115582,0.02271454562819954,0.6417078772851237,0.03968894644076394,0.14451884725185274,0.04068175882548273,0.25738271172983207,0.07336811691248815,0.45373134328358206,0.015538178341251176,0.6454570270201855,0.041127130655366925,abtype2_w55_t0.113
OGD,804.0,0.4534825870646767,0.013247290503178449,713.2,0.1705238103866577,0.5465174129353233,0.013247290503178471,0.7166313012892968,0.05375829695619625,0.5784932731845258,0.020002273334651734,0.5784932731845258,0.020002273334651734,0.6437123979912643,0.03530691870088758,0.14586320911719367,0.03531275764476488,0.26069497239826017,0.06509916867276337,0.4534825870646767,0.013247290503178449,0.6475622872369113,0.036680140413961414,abtype2_w55_t0.113
OGD,871.0,0.45143513203214714,0.013073288752074155,774.05,0.18630133867263793,0.548564867967853,0.01307328875207415,0.7206671982322567,0.048558153107690946,0.5799231297930583,0.01764073002188046,0.5799231297930583,0.01764073002188046,0.6463525183788652,0.03169903680529757,0.14901242878776116,0.03133336427141099,0.2655643456359077,0.05831423559202383,0.45143513203214714,0.013073288752074155,0.6502951640126573,0.033010412035505754,abtype2_w55_t0.113
OGD,938.0,0.45095948827292104,0.013480977799331417,835.4,0.2053505778312683,0.5490405117270789,0.013480977799331408,0.722434160780397,0.04684026271246366,0.5810357132727921,0.017494362165171806,0.5810357132727921,0.017494362165171806,0.647782348743861,0.030888891581691686,0.15098416252236607,0.03137272541719123,0.26850209889519183,0.057194883088730934,0.45095948827292104,0.013480977799331417,0.6517349370265946,0.0321409281513403,abtype2_w55_t0.113
OGD,1000.0,0.45175,0.012750980354466866,892.5,0.22285211086273193,0.54825,0.012750980354466854,0.7239166666666668,0.043650362732360726,0.5812318175067839,0.01593939223992042,0.5812318175067839,0.01593939223992042,0.6485688053515923,0.028592380809500273,0.15112801826395061,0.028482593681095063,0.2697337880684689,0.05275218753304713,0.45175,0.012750980354466866,0.6525742420867252,0.02979369749838233,abtype2_w55_t0.113
PA,67.0,0.4432835820895522,0.0397978854506668,53.35,0.0016347765922546387,0.5567164179104478,0.039797885450666814,0.7326158322512163,0.03699174586364777,0.6025029018643042,0.0249166763736914,0.6025029018643042,0.0249166763736914,0.6641783326625168,0.025998940384276314,0.1855104848482732,0.04708041599423115,0.3068059410367584,0.05355236905471184,0.4432835820895522,0.0397978854506668,0.6675593670577602,0.026459899925659384,abtype2_w55_t0.113
PA,134.0,0.46380597014925373,0.035420256414811266,103.7,0.012308692932128907,0.5361940298507462,0.035420256414811245,0.7305692776991122,0.02697178891579514,0.5936976743600049,0.016309824488321047,0.5936976743600049,0.016309824488321047,0.6584136223077401,0.015248130816113979,0.1643532264435153,0.029953754126798394,0.29231490893026535,0.031338539117126446,0.46380597014925373,0.035420256414811266,0.6621334760295585,0.01581875929130234,abtype2_w55_t0.113
PA,201.0,0.4646766169154229,0.028028987106474175,152.25,0.032029914855957034,0.5353233830845772,0.028028987106474168,0.7337479052800512,0.020552898047583278,0.5903082483942536,0.012153545296533771,0.5903082483942536,0.012153545296533771,0.6580518270044451,0.012465491945478746,0.15984215631205362,0.02229917360430324,0.2898629357779775,0.02485061703230442,0.4646766169154229,0.028028987106474175,0.6620280768371524,0.012946426634902761,abtype2_w55_t0.113
PA,268.0,0.4686567164179104,0.02678782253104115,200.7,0.05106874704360962,0.5313432835820896,0.02678782253104114,0.7339679470397301,0.018778843786992357,0.5879396056911874,0.012208884170418788,0.5879396056911874,0.012208884170418788,0.656847795075204,0.012407354562284206,0.15537672135384253,0.023459654241528738,0.2862271095405066,0.02589999366441459,0.4686567164179104,0.02678782253104115,0.6609537763654588,0.012747428823363693,abtype2_w55_t0.113
PA,335.0,0.46731343283582094,0.024478977027825397,249.15,0.06463801860809326,0.5326865671641792,0.024478977027825408,0.7364684744164515,0.015221377814468945,0.5860552983295414,0.011557366989309514,0.5860552983295414,0.011557366989309514,0.6569316607735127,0.011139904288737094,0.15332040222910318,0.02242012304976372,0.2847689677172834,0.024337360376146644,0.46731343283582094,0.024478977027825397,0.6612618863729964,0.011284601165311705,abtype2_w55_t0.113
PA,402.0,0.4623134328358208,0.02010582815094927,295.25,0.08337087631225586,0.5376865671641792,0.020105828150949266,0.7398248010230034,0.011359953096534753,0.5877606429861737,0.009173590977947753,0.5877606429861737,0.009173590977947753,0.6593991133480864,0.008464225222016132,0.1575785875179699,0.017898982914953628,0.28979701369229366,0.019029924016669853,0.4623134328358208,0.02010582815094927,0.6637927220045885,0.008530378049829456,abtype2_w55_t0.113
PA,469.0,0.461407249466951,0.01761354066359349,343.35,0.10264064073562622,0.538592750533049,0.01761354066359352,0.7410800806111417,0.010469570109558016,0.5872677537298565,0.009579396784718613,0.5872677537298565,0.009579396784718613,0.6596826814082818,0.008387842529010795,0.15720428353927104,0.018310980653636972,0.2897143686058198,0.01939845742793443,0.461407249466951,0.01761354066359349,0.6641739171704989,0.00836212139307422,abtype2_w55_t0.113
PA,536.0,0.45858208955223867,0.0169211378259302,389.25,0.11817890405654907,0.5414179104477611,0.01692113782593019,0.7429193732148691,0.010098427603229777,0.5881715964092736,0.0076280433991981365,0.5881715964092736,0.0076280433991981365,0.6610149016404848,0.007340678101947767,0.15955623794198223,0.015550491656046115,0.2924676967912479,0.016095032415041687,0.45858208955223867,0.0169211378259302,0.6655454848120714,0.007436216836817847,abtype2_w55_t0.113
PA,603.0,0.45655058043117747,0.01601083352283555,435.1,0.13872239589691163,0.5434494195688225,0.01601083352283555,0.7440806059959651,0.00998942089636726,0.5890405551197734,0.007656219580204311,0.5890405551197734,0.007656219580204311,0.6620179222083693,0.007113246701460602,0.1614798232257548,0.014866382366878865,0.2945943185620777,0.015658085909769144,0.45655058043117747,0.01601083352283555,0.6665605805578693,0.007206854655613495,abtype2_w55_t0.113
PA,670.0,0.45559701492537313,0.016832453087522323,481.1,0.15413527488708495,0.5444029850746269,0.01683245308752234,0.7449985909296821,0.010680295991849506,0.5888171233335009,0.006324258129640255,0.5888171233335009,0.006324258129640255,0.6623059674856469,0.007202292716369302,0.1615890928220136,0.013825503587682943,0.2948826975564497,0.014732158882848038,0.45559701492537313,0.016832453087522323,0.6669078571315915,0.007422023660226688,abtype2_w55_t0.113
PA,737.0,0.4567164179104477,0.01795151740411531,527.55,0.17358767986297607,0.5432835820895523,0.017951517404115304,0.7446353939850229,0.011032915654644846,0.5886162189217303,0.0055813282044209515,0.5886162189217303,0.0055813282044209515,0.6620320317220486,0.00706655930373795,0.1609202859826641,0.013283264694199735,0.29436169426406045,0.013905260952344033,0.4567164179104477,0.01795151740411531,0.6666258064533765,0.007359192545508242,abtype2_w55_t0.113
PA,804.0,0.45628109452736315,0.016227768806390264,574.35,0.19443920850753785,0.5437189054726368,0.016227768806390246,0.7451231316816658,0.009769303707046028,0.5885215688731671,0.004158246131304123,0.5885215688731671,0.004158246131304123,0.6622005564467639,0.006105479976694929,0.1609516513677125,0.01107355771687161,0.2945573605581469,0.011574783278761701,0.45628109452736315,0.016227768806390264,0.6668223502774164,0.006410325111593611,abtype2_w55_t0.113
PA,871.0,0.4548220436280137,0.0158848825759356,620.15,0.21431903839111327,0.5451779563719863,0.015884882575935587,0.7456984690629367,0.009504527611326998,0.5897586580426412,0.003691384206338004,0.5897586580426412,0.003691384206338004,0.6631535586216445,0.0059058586118507835,0.16327338390247065,0.010328006506945209,0.2969763728242178,0.010993893168081179,0.4548220436280137,0.0158848825759356,0.667728563552789,0.006219897134238857,abtype2_w55_t0.113
PA,938.0,0.45293176972281446,0.015213017900444213,665.6,0.2318713665008545,0.5470682302771854,0.015213017900444213,0.746953026070645,0.009012059540858682,0.5898555676831984,0.002675095719785852,0.5898555676831984,0.002675095719785852,0.6637662680168627,0.005278260881670617,0.16410047932305769,0.008929596695888194,0.29790821324064115,0.009358597969571138,0.45293176972281446,0.015213017900444213,0.6684042968769217,0.0056260130876279344,abtype2_w55_t0.113
PA,1000.0,0.4532,0.015104966070799364,709.7,0.250097382068634,0.5468,0.01510496607079935,0.7468888888888888,0.008955307413159946,0.5899399640291342,0.0027211335528648365,0.5899399640291342,0.0027211335528648365,0.6637872966978493,0.005509397669773845,0.16416767080922523,0.009488664735260055,0.29802651904217914,0.009909742279448245,0.4532,0.015104966070799364,0.6684144264590116,0.0058363312358731215,abtype2_w55_t0.113
PA1,67.0,0.44402985074626866,0.044745014071406755,62.75,0.0017368435859680177,0.5559701492537313,0.044745014071406755,0.6805961512705155,0.08347804391987868,0.560599736265311,0.03837957933122773,0.560599736265311,0.03837957933122773,0.6170052881240683,0.055006397344586296,0.1163807997422202,0.07136227475610826,0.20330301641551998,0.10564575586495631,0.44402985074626866,0.044745014071406755,0.6205979437679133,0.05656851765613066,abtype2_w55_t0.113
PA1,134.0,0.46716417910447766,0.041308514934621045,120.1,0.01123279333114624,0.5328358208955223,0.04130851493462104,0.6981514249772782,0.05662124532415261,0.568988567589034,0.02620341747088304,0.568988567589034,0.02620341747088304,0.6299643687902415,0.037001709095537995,0.1271123317422964,0.04905612995937696,0.23158385907478013,0.07061062787230081,0.46716417910447766,0.041308514934621045,0.6335699962831561,0.03827757449094234,abtype2_w55_t0.113
PA1,201.0,0.4544776119402985,0.030355394316493395,174.95,0.03089308738708496,0.5455223880597014,0.03035539431649338,0.7166599583941735,0.04319633295604284,0.5763522537971336,0.020680163689611973,0.5763522537971336,0.020680163689611973,0.6425593519468651,0.029344605203124204,0.1427075873915083,0.03881960925162506,0.25639386556453553,0.056676872124977476,0.4544776119402985,0.030355394316493395,0.6465061060956535,0.030346668497546404,abtype2_w55_t0.113
PA1,268.0,0.45615671641791045,0.024915623931245835,228.55,0.05042344331741333,0.5438432835820897,0.024915623931245846,0.7247703191672201,0.03237410171291514,0.5779607606012253,0.01533669064958743,0.5779607606012253,0.01533669064958743,0.6471265573731785,0.021271715562634366,0.14505810456540302,0.02918276597965086,0.2640672460371493,0.041320680004351115,0.45615671641791045,0.024915623931245835,0.6513655398842226,0.02211459342221348,abtype2_w55_t0.113
PA1,335.0,0.45402985074626867,0.02684742332154913,282.25,0.06295466423034668,0.5459701492537313,0.026847423321549144,0.729422348490566,0.028478360312284512,0.5798215425535271,0.015559654180164199,0.5798215425535271,0.015559654180164199,0.6502804718935397,0.020141518753063435,0.1489493400711504,0.03165878939664259,0.2701125837129099,0.040409177754671545,0.45402985074626867,0.02684742332154913,0.6546219455220464,0.02076224399107146,abtype2_w55_t0.113
PA1,402.0,0.4547263681592041,0.023554468783613565,335.85,0.08139376640319824,0.5452736318407959,0.02355446878361355,0.7321077811766974,0.02389454743143766,0.5801731978567684,0.013077521874501098,0.5801731978567684,0.013077521874501098,0.6516829840357196,0.01660446566763726,0.14927211821073735,0.026819923972813242,0.27237907951867496,0.03336703194560088,0.4547263681592041,0.023554468783613565,0.6561404895167329,0.017147782194290022,abtype2_w55_t0.113
PA1,469.0,0.45394456289978685,0.019783517487016837,388.75,0.10041865110397338,0.5460554371002132,0.019783517487016844,0.7342922085787734,0.020821635267995083,0.5810226941734472,0.01112380659012013,0.5810226941734472,0.01112380659012013,0.6531438950173497,0.014365621784446883,0.15069232641878044,0.02257296186535882,0.27524393445392065,0.028709681165750737,0.45394456289978685,0.019783517487016837,0.6576574513761103,0.01485801354190346,abtype2_w55_t0.113
PA1,536.0,0.4534514925373134,0.02131667628389523,441.05,0.11489514112472535,0.5465485074626867,0.02131667628389522,0.7361496131807901,0.01895059229800933,0.5833120463681828,0.010697079862452597,0.5833120463681828,0.010697079862452597,0.6552662339357463,0.013542946872727913,0.15442274908223982,0.022443366714484946,0.2802746135172575,0.027419279807123807,0.4534514925373134,0.02131667628389523,0.6597308297744864,0.013947897363321214,abtype2_w55_t0.113
PA1,603.0,0.45240464344941966,0.01964736745554877,493.4,0.13196815252304078,0.5475953565505804,0.019647367455548768,0.7378012442869528,0.01656645121946965,0.58477283975098,0.008361610614118345,0.58477283975098,0.008361610614118345,0.65682846194709,0.01142653175616775,0.157005288307696,0.01883470031850177,0.2838268351935982,0.022603888053579324,0.45240464344941966,0.01964736745554877,0.6612870420189665,0.011837380987813046,abtype2_w55_t0.113
PA1,670.0,0.45141791044776125,0.019792164710213982,545.65,0.14963159561157227,0.5485820895522387,0.01979216471021399,0.7394011726363507,0.016213406662081778,0.585734845763013,0.007598243253737755,0.585734845763013,0.007598243253737755,0.6580815691499297,0.010909064609231117,0.15878376483846732,0.017785835608568303,0.2864253495210523,0.021211311485693284,0.45141791044776125,0.019792164710213982,0.662568009199682,0.011349701811159744,abtype2_w55_t0.113
PA1,737.0,0.44843962008141114,0.017224541373665695,596.55,0.1646322250366211,0.551560379918589,0.017224541373665702,0.7418645447841964,0.014582085478144418,0.5870121381570496,0.006220566342323373,0.5870121381570496,0.006220566342323373,0.6598974795931618,0.00947984768992924,0.1616642279495752,0.01489861979074633,0.29006572336380987,0.01807524797794501,0.44843962008141114,0.017224541373665695,0.6644383414706229,0.00991778100710585,abtype2_w55_t0.113
PA1,804.0,0.4491293532338309,0.015094911889158607,648.05,0.18131752014160157,0.5508706467661693,0.015094911889158619,0.7419317477431335,0.013808709042300792,0.5867435358175632,0.006244981014366227,0.5867435358175632,0.006244981014366227,0.6597799905227635,0.00927873292241699,0.16098133417307628,0.014236640516345747,0.2896720492906065,0.017957167199768632,0.4491293532338309,0.015094911889158607,0.6643376417803484,0.009667313209863564,abtype2_w55_t0.113
PA1,871.0,0.45011481056257174,0.013601417933841217,701.6,0.20232387781143188,0.5498851894374284,0.013601417933841203,0.7412667240763977,0.012609185433176616,0.5876084878482806,0.005253681247545412,0.5876084878482806,0.005253681247545412,0.6599729956928102,0.008378737146782675,0.1618614184139211,0.012174696464086492,0.29074669029469524,0.015942752365652128,0.45011481056257174,0.013601417933841217,0.6644376059623391,0.008753165573264275,abtype2_w55_t0.113
PA1,938.0,0.4496268656716418,0.012550446937897418,754.45,0.22156444787979127,0.5503731343283581,0.012550446937897412,0.7417435999681146,0.011745641214159972,0.5885056577788218,0.004506349100588717,0.5885056577788218,0.004506349100588717,0.6606898390482723,0.007632596541727282,0.16332199529107388,0.010447648313681702,0.292531248078155,0.014291018520988685,0.4496268656716418,0.012550446937897418,0.6651246288734682,0.008004635657177617,abtype2_w55_t0.113
PA1,1000.0,0.44939999999999997,0.011024518130059023,803.5,0.23493722677230836,0.5506,0.011024518130058995,0.7425555555555555,0.011132479452728947,0.5880931539758129,0.0038645926165545566,0.5880931539758129,0.0038645926165545566,0.6608207317792407,0.007120690906775045,0.16279476545106278,0.009148857561072529,0.2923518652400834,0.013112703034532085,0.44939999999999997,0.011024518130059023,0.6653243547656842,0.007494621629582922,abtype2_w55_t0.113
PA2,67.0,0.4746268656716418,0.06994253441110436,60.5,0.0016127228736877441,0.5253731343283582,0.06994253441110436,0.6902962562685617,0.07328832726203229,0.5703993045835825,0.0349292009145336,0.5703993045835825,0.0349292009145336,0.627122926982106,0.05055720935206156,0.12808028461179535,0.06455251339908322,0.22922072819525224,0.09707483668612973,0.4746268656716418,0.06994253441110436,0.6303477804260721,0.051914865051021185,abtype2_w55_t0.113
PA2,134.0,0.4548507462686568,0.05409675704050061,114.1,0.01004934310913086,0.5451492537313432,0.054096757040500626,0.7290144388176374,0.03508432763812206,0.5845774323470223,0.022784459008440113,0.5845774323470223,0.022784459008440113,0.6527230604145385,0.02636386035687638,0.15643159813231972,0.04579535966044881,0.27714878543743393,0.05453985075693583,0.4548507462686568,0.05409675704050061,0.65679593558233,0.02694511784147158,abtype2_w55_t0.113
PA2,201.0,0.4557213930348259,0.03777164755443246,167.0,0.029734039306640626,0.5442786069651742,0.03777164755443244,0.7351889603472243,0.02413825154694184,0.5854440362670463,0.018665684036835554,0.5854440362670463,0.018665684036835554,0.6560026534382932,0.01944974840896633,0.15702861062142295,0.03771103713506591,0.2825495651271275,0.042081422777088595,0.4557213930348259,0.03777164755443246,0.6603164983071353,0.01963814070570708,abtype2_w55_t0.113
PA2,268.0,0.4544776119402985,0.0302353948953476,218.65,0.04749207496643067,0.5455223880597014,0.030235394895347593,0.7386822666179615,0.018567487562112267,0.587790889690628,0.014913281866330983,0.587790889690628,0.014913281866330983,0.6589038021862573,0.01551441926839913,0.16084806659594345,0.031180616828230194,0.2889457586082834,0.033818736346501364,0.4544776119402985,0.0302353948953476,0.6632365781542948,0.015617135330752476,abtype2_w55_t0.113
PA2,335.0,0.4550746268656717,0.02460605181044642,269.15,0.057285499572753903,0.5449253731343284,0.024606051810446436,0.7395637530182462,0.01674139187535405,0.5881724283720119,0.012087398021999516,0.5881724283720119,0.012087398021999516,0.6595108938813461,0.012931575685760397,0.16103092194711252,0.025205595258238345,0.29026387705541784,0.02760250147713498,0.4550746268656717,0.02460605181044642,0.663868090695129,0.013115371623805301,abtype2_w55_t0.113
PA2,402.0,0.4541044776119404,0.023155382812089856,319.6,0.0767019271850586,0.5458955223880597,0.023155382812089856,0.7411641711413441,0.01492173225371536,0.589313688416335,0.01045650206508301,0.589313688416335,0.01045650206508301,0.6608712031441193,0.011401685470999819,0.1630217739125936,0.02214361931493505,0.29323081645995647,0.024144387956840454,0.4541044776119404,0.023155382812089856,0.6652389297788396,0.01158776129885274,abtype2_w55_t0.113
PA2,469.0,0.45149253731343286,0.02297311499800025,370.4,0.09219458103179931,0.5485074626865672,0.022973114998000244,0.7436370032749059,0.014198286340591582,0.5895119977192229,0.008688333848373858,0.5895119977192229,0.008688333848373858,0.6620881422765582,0.01026953979076027,0.164257190362322,0.019649745028252428,0.2951643954371,0.021087058612933297,0.45149253731343286,0.02297311499800025,0.6665745004970643,0.010530324122431442,abtype2_w55_t0.113
PA2,536.0,0.45186567164179114,0.018596919096085244,421.25,0.10492253303527832,0.5481343283582089,0.018596919096085233,0.7442362973392124,0.01163026635595474,0.5892610285281445,0.007754796588079318,0.5892610285281445,0.007754796588079318,0.6622143422787805,0.00836611221735874,0.1636265852276408,0.016556024795872034,0.29510557520906744,0.017588506452133498,0.45186567164179114,0.018596919096085244,0.6667486629336785,0.008546370518690055,abtype2_w55_t0.113
PA2,603.0,0.451575456053068,0.018137040928913613,472.05,0.12324423789978027,0.548424543946932,0.018137040928913616,0.7450992422353816,0.011241588198787051,0.5889830791290176,0.006449554339193605,0.5889830791290176,0.006449554339193605,0.6624449320719827,0.007666004253245338,0.16334898565655726,0.014795945420150548,0.295228553273594,0.015610291459185762,0.451575456053068,0.018137040928913613,0.6670411606821995,0.007911849618593045,abtype2_w55_t0.113
PA2,670.0,0.4508955223880597,0.015146864012678625,522.65,0.1411505937576294,0.5491044776119403,0.01514686401267861,0.7456873323437402,0.009582837318385969,0.5896879149333936,0.005976509582299806,0.5896879149333936,0.005976509582299806,0.663106642766518,0.006821462677010125,0.16458955422113145,0.013001839987089552,0.29677675473657794,0.014172911849827314,0.4508955223880597,0.015146864012678625,0.6676876236385669,0.006997090503941088,abtype2_w55_t0.113
PA2,737.0,0.45203527815468103,0.014309965941163695,572.85,0.15374531745910644,0.547964721845319,0.014309965941163696,0.7454483094147717,0.009167496794177561,0.5895351978824764,0.005997793121891649,0.5895351978824764,0.005997793121891649,0.6629132451828601,0.006483919972363484,0.16393276452198427,0.012710674873573347,0.29635910208060295,0.01372280757705544,0.45203527815468103,0.014309965941163695,0.6674917536486241,0.00663338205539888,abtype2_w55_t0.113
PA2,804.0,0.45217661691542277,0.013542228926872202,622.85,0.1729554533958435,0.5478233830845771,0.013542228926872199,0.7456708214608189,0.00826457358610891,0.5897026225620471,0.003983106582113625,0.5897026225620471,0.003983106582113625,0.6631090626755616,0.005165432961033548,0.16412824157057115,0.009716193867103151,0.2968374829028948,0.010092744854054784,0.45217661691542277,0.013542228926872202,0.667686722011433,0.005401660577928451,abtype2_w55_t0.113
PA2,871.0,0.45304247990815166,0.011109961334928083,675.55,0.19234927892684936,0.5469575200918484,0.011109961334928076,0.7453694657735543,0.007016517359451719,0.5897419049689162,0.002436509280467761,0.5897419049689162,0.002436509280467761,0.662999890893797,0.004059034245738365,0.16383838913540832,0.0067006162872706295,0.29675733897583717,0.007325613681990639,0.45304247990815166,0.011109961334928083,0.6675556853712352,0.004318939678904139,abtype2_w55_t0.113
PA2,938.0,0.4525586353944564,0.010442864698291527,725.9,0.20878078937530517,0.5474413646055437,0.010442864698291535,0.7458141550431245,0.005763406988756426,0.5900090138889287,0.0027450616435546926,0.5900090138889287,0.0027450616435546926,0.663351210468854,0.003958006979015386,0.1644426577769398,0.0074590118227735374,0.29748293279625326,0.007716464850712021,0.4525586353944564,0.010442864698291527,0.6679115844660266,0.004110729869117297,abtype2_w55_t0.113
PA2,1000.0,0.45255,0.008743426101935107,771.9,0.2254122495651245,0.5474500000000001,0.008743426101935087,0.7461388888888889,0.0047999324840930745,0.5895847988693839,0.0015018017313693022,0.5895847988693839,0.0015018017313693022,0.6632574568268587,0.0029728488699641443,0.1638050904714397,0.005140519376775167,0.2969863972385315,0.005373249117152814,0.45255,0.008743426101935107,0.6678618438791364,0.0031458315912314067,abtype2_w55_t0.113
PA1_Csplit,67.0,0.4611940298507462,0.041657569364038395,55.15,0.0019450426101684571,0.5388059701492537,0.04165756936403839,0.7066921154007699,0.0434656274644702,0.5842158232354275,0.030940658222996204,0.5842158232354275,0.030940658222996204,0.6422397271102787,0.030989225470653973,0.1506942864376691,0.052288068432832506,0.2602604126225868,0.06463309558539775,0.4611940298507462,0.041657569364038395,0.6454539693180986,0.03158144828998482,abtype2_w55_t0.113
PA1_Csplit,134.0,0.4544776119402984,0.0270000783807844,104.55,0.012067103385925293,0.5455223880597015,0.027000078380784387,0.7284981844901897,0.0244300320776762,0.5863882542810717,0.019432955084513967,0.5863882542810717,0.019432955084513967,0.6534708338157863,0.017720419857534433,0.15761271356553697,0.03407271823918377,0.27945607463098965,0.03852272732584102,0.4544776119402984,0.0270000783807844,0.6574432193856307,0.01792482054317967,abtype2_w55_t0.113
PA1_Csplit,201.0,0.45199004975124374,0.023508449793695055,153.9,0.032398533821105954,0.5480099502487563,0.02350844979369504,0.7362350192374844,0.01924135180092091,0.5881018644060209,0.014850104517685725,0.5881018644060209,0.014850104517685725,0.6579039842058687,0.011949942158759398,0.16098913203578108,0.025289594510727723,0.2872443653089904,0.0271794318822032,0.45199004975124374,0.023508449793695055,0.6621684418217526,0.012137621444148483,abtype2_w55_t0.113
PA1_Csplit,268.0,0.45149253731343286,0.02207492456380454,201.8,0.049613451957702635,0.548507462686567,0.02207492456380454,0.739352748516732,0.015589589760930408,0.5900733639106737,0.014604354010692417,0.5900733639106737,0.014604354010692417,0.6604241729445116,0.01086762686895075,0.16432686939674812,0.0253909395748014,0.2925572663719236,0.025899712951993618,0.45149253731343286,0.02207492456380454,0.6647130562137027,0.010816453250173986,abtype2_w55_t0.113
PA1_Csplit,335.0,0.44895522388059705,0.02220622676226542,249.35,0.06392995119094849,0.551044776119403,0.022206226762265427,0.7427495736335604,0.012874442811453909,0.5903463812590644,0.013365216705179579,0.5903463812590644,0.013365216705179579,0.6621275952117525,0.010521144364699756,0.1660522232928315,0.02492683550081442,0.2954479566540716,0.02476252011102459,0.44895522388059705,0.02220622676226542,0.6665479774463124,0.010399855551802385,abtype2_w55_t0.113
PA1_Csplit,402.0,0.45087064676616906,0.01800477853784315,297.4,0.08314803838729859,0.5491293532338309,0.018004778537843148,0.7433332653057789,0.010682903817095041,0.5885270008337861,0.009865268238569844,0.5885270008337861,0.009865268238569844,0.6613770008771152,0.007332612659140308,0.1625672729197454,0.017357294500943123,0.29303544748887883,0.01740437377006609,0.45087064676616906,0.01800477853784315,0.6659301330697824,0.007325681637685429,abtype2_w55_t0.113
PA1_Csplit,469.0,0.4507462686567164,0.017340405638675883,344.2,0.10312108993530274,0.5492537313432837,0.017340405638675883,0.7446075349356583,0.009852716910362665,0.5878591784074655,0.009400568248584129,0.5878591784074655,0.009400568248584129,0.6615744660093409,0.007086713343567015,0.1617199529448227,0.01702299880535503,0.29275958655768863,0.016804169677711405,0.4507462686567164,0.017340405638675883,0.666233356671562,0.007047879653844715,abtype2_w55_t0.113
PA1_Csplit,536.0,0.4462686567164179,0.014325637179442144,391.05,0.11859831809997559,0.5537313432835821,0.014325637179442133,0.7474033937266726,0.008289430271169115,0.5898220982478498,0.007697168872807788,0.5898220982478498,0.007697168872807788,0.663932900437419,0.0060284234123792356,0.1663078960621828,0.013892814445070975,0.29786419335825776,0.01410287397379187,0.4462686567164179,0.014325637179442144,0.6686127459872611,0.006007527698290639,abtype2_w55_t0.113
PA1_Csplit,603.0,0.4467661691542289,0.012956567153979833,437.3,0.13709558248519899,0.553233830845771,0.012956567153979845,0.7475836674078133,0.0075069472153631925,0.5902150175638643,0.008103871558500179,0.5902150175638643,0.008103871558500179,0.6642327604341471,0.005813077515805921,0.16669573535560062,0.014291710128688906,0.2985877997683177,0.014274575399884814,0.4467661691542289,0.012956567153979833,0.6688993424858387,0.005694647046861621,abtype2_w55_t0.113
PA1_Csplit,670.0,0.4467164179104478,0.010575972380929471,485.15,0.15625998973846436,0.5532835820895523,0.010575972380929482,0.7482211520069487,0.006136864247587149,0.5897727800716044,0.006217266618614885,0.5897727800716044,0.006217266618614885,0.6642781857225157,0.0049346710520997246,0.16615692907942775,0.011377327782656935,0.2983856348648487,0.01172965344559962,0.4467164179104478,0.010575972380929471,0.6689969660392765,0.00487585024243009,abtype2_w55_t0.113
PA1_Csplit,737.0,0.4451153324287652,0.008933353912741549,531.55,0.177046537399292,0.5548846675712349,0.008933353912741533,0.7492441764985899,0.005169814002745728,0.5909770035467571,0.004594340211044526,0.5909770035467571,0.004594340211044526,0.6654149098964741,0.003853268283411959,0.16857616376721657,0.008760622367684203,0.3010741160237244,0.008911595021387077,0.4451153324287652,0.008933353912741549,0.6701105900226736,0.003852862987519541,abtype2_w55_t0.113
PA1_Csplit,804.0,0.4460199004975124,0.008521489120875943,580.05,0.1930499792098999,0.5539800995024876,0.008521489120875933,0.7490671773543539,0.004820211285152184,0.5907633648251105,0.003768383210065766,0.5907633648251105,0.003768383210065766,0.6652194691484644,0.0036959913056737272,0.16795532241347133,0.007905134872918407,0.30065865721393187,0.00810539493007381,0.4460199004975124,0.008521489120875943,0.6699152710897323,0.003733221558938961,abtype2_w55_t0.113
PA1_Csplit,871.0,0.44712973593570604,0.008016005730046688,628.35,0.21319013833999634,0.552870264064294,0.00801600573004667,0.7485547433487326,0.004698625553020505,0.59106768103584,0.003346173763224336,0.59106768103584,0.003346173763224336,0.6651638382550314,0.0035004612313625926,0.1679905493036395,0.007279248237938086,0.3008648556332494,0.007498645186348119,0.44712973593570604,0.008016005730046688,0.6698112121922862,0.0035570811035769818,abtype2_w55_t0.113
PA1_Csplit,938.0,0.4479211087420042,0.007741333042727625,676.85,0.23233728408813475,0.5520788912579957,0.007741333042727624,0.7484664480140222,0.004564128208360559,0.5905634722731957,0.0024327277767608713,0.5905634722731957,0.0024327277767608713,0.6648417136047596,0.003090017364429868,0.166959783591388,0.005976244182611599,0.29999691123076483,0.0061824026452265346,0.4479211087420042,0.007741333042727625,0.6695149601436089,0.0032002072158320875,abtype2_w55_t0.113
PA1_Csplit,1000.0,0.44960000000000006,0.006718630812896336,721.75,0.25238618850708006,0.5504,0.006718630812896323,0.7477777777777778,0.004349684251347429,0.5900613397501568,0.0014032436431460934,0.5900613397501568,0.0014032436431460934,0.6642540436626966,0.0027192476946575135,0.16559270515568386,0.004329042151667184,0.29876519629966397,0.004943454786642604,0.44960000000000006,0.006718630812896336,0.6689195587639674,0.002873661620822987,abtype2_w55_t0.113
PA2_Csplit,67.0,0.4776119402985074,0.046003089574395355,66.15,0.0024601340293884276,0.5223880597014926,0.046003089574395355,0.692048577645578,0.061990988747957845,0.5709677400220592,0.0310459813423295,0.5709677400220592,0.0310459813423295,0.6283215302353296,0.0432252895348042,0.12684496532486453,0.0576823555718419,0.23112828484711465,0.08469099514642238,0.4776119402985074,0.046003089574395355,0.6315081588338187,0.04428502269721836,abtype2_w55_t0.113
PA2_Csplit,134.0,0.4608208955223881,0.028502676006668226,128.2,0.011412692070007325,0.5391791044776119,0.02850267600666821,0.7244485582611461,0.022859789397992228,0.5820922850141353,0.019443044359427765,0.5820922850141353,0.019443044359427765,0.6493101294953568,0.01879732398434964,0.1484185239552382,0.032452311402497415,0.2700555446984748,0.04261749457730484,0.4608208955223881,0.028502676006668226,0.6532704216376406,0.018859586070020314,abtype2_w55_t0.113
PA2_Csplit,201.0,0.46094527363184074,0.024488277820219055,188.75,0.03132972717285156,0.5390547263681592,0.02448827782021906,0.7315173880629297,0.017878733540359557,0.5836018682995933,0.017219081293055445,0.5836018682995933,0.017219081293055445,0.6533422093109349,0.01597472810202478,0.15150004232148473,0.03033832872958882,0.27722636564484243,0.036769105064102,0.46094527363184074,0.024488277820219055,0.6575596281812615,0.01588069543273944,abtype2_w55_t0.113
PA2_Csplit,268.0,0.4576492537313433,0.027979477052126837,247.85,0.048935556411743165,0.5423507462686566,0.027979477052126837,0.7375718858951383,0.018231226185714103,0.58469963809191,0.013888324149417326,0.58469963809191,0.013888324149417326,0.6566725050851756,0.014650531546380402,0.15509133780512768,0.028091598029388067,0.28313272429967135,0.03203873428017921,0.4576492537313433,0.027979477052126837,0.6611357619935241,0.01479922021144451,abtype2_w55_t0.113
PA2_Csplit,335.0,0.45656716417910453,0.02467837218921776,306.7,0.0595932126045227,0.5434328358208955,0.02467837218921777,0.7397747904382938,0.015269619194380466,0.585495871177094,0.012422356473142956,0.585495871177094,0.012422356473142956,0.6581063964438572,0.012594797972854377,0.15646854814950859,0.02453007553961276,0.28590353808883506,0.02772139214930157,0.45656716417910453,0.02467837218921776,0.6626353308076939,0.012674988740012706,abtype2_w55_t0.113
PA2_Csplit,402.0,0.451865671641791,0.019559817122868323,365.25,0.07838033437728882,0.548134328358209,0.019559817122868303,0.7435673375535442,0.012495061894593928,0.5869899768395476,0.01086620358865014,0.5869899768395476,0.01086620358865014,0.6606430824925812,0.010921411802670422,0.16035991227600527,0.021805565599832002,0.2908026270879646,0.024360665360500286,0.451865671641791,0.019559817122868323,0.665278657196546,0.010933570047194457,abtype2_w55_t0.113
PA2_Csplit,469.0,0.45085287846481875,0.02024435763441543,424.8,0.09834408760070801,0.5491471215351813,0.020244357634415434,0.7449669092494335,0.012209304798014185,0.5879359085446632,0.011407818599094576,0.5879359085446632,0.011407818599094576,0.6617937062988541,0.010927835263661343,0.16218285546905847,0.02310620949278266,0.29316033908908934,0.02475255781273436,0.45085287846481875,0.02024435763441543,0.6664514088970483,0.01088883325864187,abtype2_w55_t0.113
PA2_Csplit,536.0,0.4519589552238806,0.01718925609712777,483.1,0.11055959463119507,0.5480410447761195,0.017189256097127768,0.7446539897376554,0.01021874168781704,0.5892484290877944,0.008861351171040683,0.5892484290877944,0.008861351171040683,0.6624026933121494,0.009060374534991665,0.1637153100293703,0.018874366705812964,0.2953546379577553,0.019961817591565973,0.4519589552238806,0.01718925609712777,0.6669512094127249,0.009074633330366181,abtype2_w55_t0.113
PA2_Csplit,603.0,0.4494195688225539,0.013493098246638802,541.75,0.1287622332572937,0.5505804311774462,0.013493098246638802,0.7465906021601846,0.008861462238906576,0.5898279564683678,0.006749501109595652,0.5898279564683678,0.006749501109595652,0.6635873651670425,0.006930168843278557,0.16538632886177523,0.014196783934969181,0.29752974814849187,0.014960130605281346,0.4494195688225539,0.013493098246638802,0.6682092793142762,0.007008919247085239,abtype2_w55_t0.113
PA2_Csplit,670.0,0.4473880597014926,0.011751065795830485,599.5,0.15011799335479736,0.5526119402985074,0.011751065795830478,0.7479034765664219,0.007899827557017399,0.5908271627513312,0.0054275410650863505,0.5908271627513312,0.0054275410650863505,0.664733890335438,0.005719265409671564,0.16755950800390318,0.011355314238039772,0.30001309068702786,0.012094900171557614,0.4473880597014926,0.011751065795830485,0.6693653196588766,0.005835178850659373,abtype2_w55_t0.113
PA2_Csplit,737.0,0.4470827679782904,0.011348184070614071,656.6,0.16690706014633178,0.5529172320217096,0.01134818407061406,0.7483802227314837,0.0076258470698028205,0.5909466914554263,0.004755474640995366,0.5909466914554263,0.004755474640995366,0.6650171261426318,0.005678575987627364,0.16789183072050431,0.010769941826670931,0.3005474063912669,0.011727117747828433,0.4470827679782904,0.011348184070614071,0.669663457093455,0.005813422215161958,abtype2_w55_t0.113
PA2_Csplit,804.0,0.4474502487562189,0.011466251896377238,714.95,0.18399546146392823,0.5525497512437811,0.011466251896377249,0.7483166381565055,0.007571729722055504,0.5912931741378777,0.0045001837689280745,0.5912931741378777,0.0045001837689280745,0.6651836966061067,0.005504442857192675,0.1682547873066985,0.0103285243042431,0.30108552222942886,0.01124634171622992,0.4474502487562189,0.011466251896377238,0.6698049061471917,0.005653329039437579,abtype2_w55_t0.113
PA2_Csplit,871.0,0.4479334098737084,0.007583365851769455,773.6,0.20256224870681763,0.5520665901262916,0.007583365851769449,0.7484556999768098,0.005632241101712458,0.5906806982535057,0.0036329961120611094,0.5906806982535057,0.0036329961120611094,0.6649021873939815,0.00417830674502407,0.16713213277750175,0.0076973650612749515,0.3001679314601734,0.008713475570464728,0.4479334098737084,0.007583365851769455,0.6695681991151576,0.004272117433284368,abtype2_w55_t0.113
PA2_Csplit,938.0,0.44712153518123665,0.008709440624946736,831.25,0.2217844009399414,0.5528784648187635,0.008709440624946729,0.7490841818885587,0.006256001268348376,0.5909853579035771,0.002699653695967619,0.5909853579035771,0.002699653695967619,0.6653525270038267,0.00403162003753154,0.16789858448995662,0.006885118906937939,0.3010693992976171,0.007687250764733917,0.44712153518123665,0.008709440624946736,0.6700347698960678,0.004223071048455115,abtype2_w55_t0.113
PA2_Csplit,1000.0,0.4475999999999999,0.008720091742636658,886.2,0.2399236559867859,0.5524000000000001,0.008720091742636639,0.7491111111111111,0.0061473671971658,0.5904855457138456,0.0019735719733155596,0.5904855457138456,0.0019735719733155596,0.6650839417514822,0.0038394060677484554,0.16698642945391579,0.006032346510089258,0.3002725108379565,0.006976248542379543,0.4475999999999999,0.008720091742636658,0.6697983284124782,0.00405893611602883,abtype2_w55_t0.113
PA_L1,67.0,0.46791044776119406,0.053247196908517064,42.45,0.001647019386291504,0.5320895522388059,0.053247196908517085,0.6850365993912543,0.11916206215860946,0.5640701657158166,0.03817150541848983,0.5640701657158166,0.03817150541848983,0.6194441282342653,0.07613319892974037,0.11909457542670902,0.07029892651080838,0.21574367492618376,0.11519680745550422,0.46791044776119406,0.053247196908517064,0.6245533825535354,0.07391520237766738,abtype2_w55_t0.113
PA_L1,134.0,0.4574626865671642,0.04447034900131218,78.95,0.01128852367401123,0.5425373134328357,0.04447034900131219,0.7305279091807335,0.038777589672235456,0.5771449484337495,0.022102639032177056,0.5771449484337495,0.022102639032177056,0.6491996414586565,0.027284603396843642,0.14429567260787218,0.04493800521580193,0.2651673079771326,0.05620569153990251,0.4574626865671642,0.04447034900131218,0.6538364288072416,0.02810912339018434,abtype2_w55_t0.113
PA_L1,201.0,0.4599502487562188,0.032642086396426524,117.6,0.030306005477905275,0.5400497512437812,0.03264208639642654,0.7356167046154656,0.024646965510465017,0.580675168306022,0.015406229530657007,0.580675168306022,0.015406229530657007,0.6534923440397762,0.01703268634755909,0.14826347326803763,0.031271744741768644,0.2747956855308319,0.035679263752590916,0.4599502487562188,0.032642086396426524,0.6581459364607438,0.01747018560464389,abtype2_w55_t0.113
PA_L1,268.0,0.4496268656716419,0.028034781725763937,152.75,0.049094223976135255,0.5503731343283583,0.02803478172576393,0.7432948270257762,0.01920199911065043,0.5853597133758193,0.011684293610538382,0.5853597133758193,0.011684293610538382,0.6595697836856343,0.013048113344844854,0.15865596700311685,0.02421092638326821,0.28768956224474607,0.027126485657624988,0.4496268656716419,0.028034781725763937,0.6643272702007976,0.013422474714975046,abtype2_w55_t0.113
PA_L1,335.0,0.4480597014925373,0.027045830429846467,189.0,0.061350452899932864,0.5519402985074626,0.027045830429846467,0.7460022939301101,0.016205366580137007,0.585024544719975,0.011213451878534895,0.585024544719975,0.011213451878534895,0.6605982573470073,0.011992387008011965,0.15880514644309868,0.023610042222552054,0.28882672017786126,0.02570891353869714,0.4480597014925373,0.027045830429846467,0.6655134193250426,0.012214751205970521,abtype2_w55_t0.113
PA_L1,402.0,0.4429104477611941,0.028115780998575732,224.65,0.07948375940322876,0.557089552238806,0.028115780998575743,0.749978447035185,0.015930300004603187,0.5861278511558384,0.01021655743406596,0.5861278511558384,0.01021655743406596,0.6629855735961485,0.011524910534986292,0.1623583590160451,0.022826804461624634,0.2931342471294408,0.024300086741060222,0.4429104477611941,0.028115780998575732,0.6680531490955117,0.011800742297581842,abtype2_w55_t0.113
PA_L1,469.0,0.4431769722814499,0.02441597366954666,262.0,0.09699077606201172,0.5568230277185502,0.024415973669546658,0.7501834539850586,0.01415227631875621,0.5876880452205708,0.008546353285034076,0.5876880452205708,0.008546353285034076,0.6639579600271228,0.009575856340887848,0.1644569937191222,0.018728750430671938,0.2959507596358676,0.019940619144173534,0.4431769722814499,0.02441597366954666,0.6689357496028147,0.009866245954822434,abtype2_w55_t0.113
PA_L1,536.0,0.44347014925373135,0.022597743191009125,299.0,0.10983378887176513,0.5565298507462687,0.022597743191009104,0.7506629194888789,0.01278506331112187,0.587788312996605,0.006275891957325202,0.587788312996605,0.006275891957325202,0.6642350453752831,0.008173606291646164,0.16453284636800553,0.015408439196503572,0.2965433505575744,0.016111785971148762,0.44347014925373135,0.022597743191009125,0.669225616242742,0.008530375164825268,abtype2_w55_t0.113
PA_L1,603.0,0.4451907131011609,0.017246101195849625,336.8,0.127697217464447,0.5548092868988392,0.017246101195849628,0.7499414585326105,0.010031235652255001,0.5881107428374799,0.0050914639054814035,0.5881107428374799,0.0050914639054814035,0.6641036916622765,0.006411346284660594,0.1643003936202078,0.011516127427115214,0.29670272873220727,0.01274215779470778,0.4451907131011609,0.017246101195849625,0.6690261006850452,0.0066882256658700205,abtype2_w55_t0.113
PA_L1,670.0,0.4446268656716417,0.015970149253731344,373.25,0.14654960632324218,0.5553731343283582,0.015970149253731344,0.750518180305945,0.00947348576440281,0.5888819600348851,0.004586610656625175,0.5888819600348851,0.004586610656625175,0.6647990759384608,0.006305400367107558,0.16574634482682082,0.011386232040966025,0.2983897784984518,0.012391011890410267,0.4446268656716417,0.015970149253731344,0.6697000701704152,0.006570553514072986,abtype2_w55_t0.113
PA_L1,737.0,0.4434871099050204,0.013509198677840667,410.1,0.16229121685028075,0.5565128900949798,0.013509198677840667,0.7508856387345582,0.007962997651177221,0.5909665831006975,0.0038957679991375844,0.5909665831006975,0.0038957679991375844,0.6661391738161636,0.00525566659471289,0.16924668910796167,0.009665389936029212,0.30210163385531597,0.01030741707610028,0.4434871099050204,0.013509198677840667,0.6709261109176278,0.005476945838564258,abtype2_w55_t0.113
PA_L1,804.0,0.443594527363184,0.01520913403924782,447.35,0.18012511730194092,0.556405472636816,0.0152091340392478,0.7507978047962584,0.00837807556373317,0.591898777692019,0.004001825382891002,0.591898777692019,0.004001825382891002,0.6666249167914085,0.00549947947687197,0.17061388508229602,0.010596277697532833,0.30359288308927823,0.010690753371971853,0.443594527363184,0.01520913403924782,0.6713482912441388,0.005736914989162635,abtype2_w55_t0.113
PA_L1,871.0,0.4446039035591275,0.013814888359826463,484.5,0.2005249261856079,0.5553960964408725,0.013814888359826444,0.7504173770066804,0.007720267240773036,0.5918160412089206,0.0031023129462775844,0.5918160412089206,0.0031023129462775844,0.6664110935785011,0.004928405214414245,0.17010012720430226,0.009135007811338792,0.3032480046179688,0.009270952153031826,0.4446039035591275,0.013814888359826463,0.6711167091078006,0.0051772069650754165,abtype2_w55_t0.113
PA_L1,938.0,0.44429637526652455,0.012289641864851715,520.8,0.21881576776504516,0.5557036247334755,0.012289641864851703,0.7508379058998904,0.006639213667976427,0.5917490591679784,0.0026071662323242286,0.5917490591679784,0.0026071662323242286,0.6665614124228911,0.004262616995811619,0.17011758482282976,0.00819330677670064,0.30339942920674196,0.008000122542556002,0.44429637526652455,0.012289641864851715,0.6712934825339344,0.0044777375918717745,abtype2_w55_t0.113
PA_L1,1000.0,0.446,0.01083974169433941,555.8,0.2341219186782837,0.554,0.010839741694339367,0.7502222222222221,0.005766548917658912,0.5908585940348756,0.0017749881918649795,0.5908585940348756,0.0017749881918649795,0.6657873505841959,0.003556128146594801,0.16813953594063696,0.0065172780548928685,0.3015609312580508,0.006414141084606946,0.446,0.01083974169433941,0.6705404081285489,0.0037680660905968005,abtype2_w55_t0.113
PA_L2,67.0,0.45597014925373136,0.06108016344668777,54.2,0.0022119998931884764,0.5440298507462686,0.06108016344668777,0.7129565562253337,0.05179068864726388,0.5791387844841175,0.02712170881371309,0.5791387844841175,0.02712170881371309,0.6423642602358974,0.035823068243618375,0.14819914011489588,0.05625254239634233,0.25788254433811064,0.0704730593489061,0.45597014925373136,0.06108016344668777,0.6460476703547255,0.03690035869909211,abtype2_w55_t0.113
PA_L2,134.0,0.45149253731343286,0.056613221119493067,104.0,0.012068629264831543,0.548507462686567,0.056613221119493067,0.7328420621939673,0.03561315786267085,0.5823803739747155,0.020519106773594212,0.5823803739747155,0.020519106773594212,0.6531809846353492,0.02503879570198256,0.15479134178117837,0.0457552666671209,0.27573931035957056,0.051110862863994445,0.45149253731343286,0.056613221119493067,0.6576112180843414,0.02573102322444875,abtype2_w55_t0.113
PA_L2,201.0,0.4490049751243781,0.04191745274621976,151.8,0.0305749773979187,0.5509950248756219,0.04191745274621975,0.7403994777918295,0.02418290411260993,0.5840546395085411,0.012076947656398612,0.5840546395085411,0.012076947656398612,0.6575491625077414,0.016188986915846585,0.1575632064072668,0.03112076314549429,0.2839029657864087,0.03198138622565878,0.4490049751243781,0.04191745274621976,0.6622270586501853,0.01680129572357668,abtype2_w55_t0.113
PA_L2,268.0,0.44925373134328367,0.03004600319283194,198.55,0.04758418798446655,0.5507462686567165,0.03004600319283193,0.7429531941718125,0.018396810735411037,0.5847955872841848,0.008849904458340862,0.5847955872841848,0.008849904458340862,0.659105453491125,0.011276810385692244,0.15797927594081643,0.02084743463192929,0.28671221563841714,0.022072688748333506,0.44925373134328367,0.03004600319283194,0.6638743907279985,0.011827880007180606,abtype2_w55_t0.113
PA_L2,335.0,0.44656716417910447,0.023436162897182714,244.5,0.06418094635009766,0.5534328358208955,0.02343616289718271,0.745873696771441,0.014768847034349893,0.5863231071735645,0.009361549078600997,0.5863231071735645,0.009361549078600997,0.6612737246714117,0.010082881390478315,0.16113407998123458,0.019994246523398974,0.29101104097167163,0.021386441833997807,0.44656716417910447,0.023436162897182714,0.6660984019725029,0.010356126443069456,abtype2_w55_t0.113
PA_L2,402.0,0.4485074626865672,0.022041260915451312,292.45,0.08130773305892944,0.5514925373134328,0.02204126091545131,0.7460082033584232,0.014203040970055262,0.5865887717347964,0.008305844797495627,0.5865887717347964,0.008305844797495627,0.661486865626385,0.009391271174741145,0.16089919009725182,0.01836333552401764,0.2916270182249515,0.01928754874968702,0.4485074626865672,0.022041260915451312,0.6662984875466098,0.009705420487944226,abtype2_w55_t0.113
PA_L2,469.0,0.45031982942430704,0.019572120669275776,340.1,0.09798216819763184,0.5496801705756929,0.01957212066927578,0.7461099886112825,0.01209747335969299,0.5856705166537921,0.00594627502440318,0.5856705166537921,0.00594627502440318,0.6610225542657895,0.0074822344985515385,0.15887121614589558,0.01398373193154589,0.2902585659896203,0.014702335329424986,0.45031982942430704,0.019572120669275776,0.6658902526325372,0.007843216649184869,abtype2_w55_t0.113
PA_L2,536.0,0.4490671641791045,0.016614955607311292,386.1,0.11678054332733154,0.5509328358208955,0.016614955607311292,0.7472581311135689,0.010021657307097507,0.5863640032329673,0.005638307367304593,0.5863640032329673,0.005638307367304593,0.6619278284505377,0.006538786560990253,0.16030712225939203,0.012280187134179691,0.29213698505150465,0.013286703868262417,0.4490671641791045,0.016614955607311292,0.6668110671732681,0.006784123427951221,abtype2_w55_t0.113
PA_L2,603.0,0.45024875621890537,0.017294074307308633,433.25,0.13518019914627075,0.5497512437810945,0.017294074307308633,0.7471129744762718,0.010097987584922441,0.5864538101642204,0.005245573446317963,0.5864538101642204,0.005245573446317963,0.661912915410175,0.006230667596782991,0.16003260938172453,0.01191247996610263,0.2922056573075573,0.012345030517201218,0.45024875621890537,0.017294074307308633,0.666783392320246,0.006520007583915418,abtype2_w55_t0.113
PA_L2,670.0,0.4486567164179104,0.015289586040863173,480.25,0.15411617755889892,0.5513432835820895,0.015289586040863175,0.747940805510558,0.008896921618450744,0.588043022421451,0.004626138163392547,0.588043022421451,0.004626138163392547,0.6631789941675283,0.005443180324322625,0.16292581394324626,0.01017275264086457,0.2953977950097747,0.010794114495209568,0.4486567164179104,0.015289586040863173,0.6679919139660043,0.005697053476592772,abtype2_w55_t0.113
PA_L2,737.0,0.4478968792401628,0.012792604262145983,527.15,0.1712248682975769,0.5521031207598371,0.012792604262145983,0.7484748924888983,0.007639085797418967,0.5890163297464371,0.0046392784057074895,0.5890163297464371,0.0046392784057074895,0.6639678873926269,0.005105404267957449,0.16467412592997333,0.010037975647646318,0.297360301934578,0.010587205871932657,0.4478968792401628,0.012792604262145983,0.6687456111176677,0.005264305660304696,abtype2_w55_t0.113
PA_L2,804.0,0.44763681592039795,0.010870817535687487,572.95,0.1884905457496643,0.5523631840796019,0.010870817535687477,0.7488138568020543,0.0068693066376116175,0.58936520706699,0.0036205042700110804,0.58936520706699,0.0036205042700110804,0.6643146927310302,0.004010841612264326,0.16524830185063782,0.007517901140325926,0.298157554628513,0.008020984659203667,0.44763681592039795,0.010870817535687487,0.6690895319345221,0.004207836285599455,abtype2_w55_t0.113
PA_L2,871.0,0.4491389207807119,0.011801498300122946,620.45,0.2055766463279724,0.5508610792192881,0.011801498300122946,0.7481062476608472,0.006471496345354387,0.5895457817247627,0.003164189389442573,0.5895457817247627,0.003164189389442573,0.6641042923452449,0.003804116146896715,0.1649906368185612,0.007537656190730788,0.29805489269916907,0.007426426530814878,0.4491389207807119,0.011801498300122946,0.6688260146928049,0.004002873990312692,abtype2_w55_t0.113
PA_L2,938.0,0.4484008528784648,0.01264753631179814,666.95,0.22532694339752196,0.5515991471215351,0.012647536311798149,0.7484802960640149,0.006251668824448458,0.5904036481654806,0.0029774332618039546,0.5904036481654806,0.0029774332618039546,0.6647563947560451,0.004075644792113606,0.16656871564732942,0.008251442888729471,0.2997326480504173,0.007946837848986879,0.4484008528784648,0.01264753631179814,0.6694419721147478,0.004251594366365456,abtype2_w55_t0.113
PA_L2,1000.0,0.44855,0.012001979003481057,709.6,0.24510400295257567,0.55145,0.012001979003481036,0.7485833333333334,0.005742614688170371,0.5903572329967895,0.0016916576830868434,0.5903572329967895,0.0016916576830868434,0.6647774103847477,0.0034994942914532293,0.16645055925885194,0.006817961460865228,0.2997410182355756,0.006260718764157338,0.44855,0.012001979003481057,0.6694702831650614,0.0037139028362400068,abtype2_w55_t0.113
PA_I_L1,67.0,0.46716417910447755,0.06173766531327294,55.8,0.0018372654914855957,0.5328358208955225,0.06173766531327294,0.7074816185653658,0.05208065810739153,0.5743698651054484,0.03307189549396298,0.5743698651054484,0.03307189549396298,0.6371533809447374,0.03708023142114591,0.1355567288536389,0.05901487011810621,0.24470028553277676,0.07600197737408715,0.46716417910447755,0.06173766531327294,0.6409257418354072,0.0379889799929755,abtype2_w55_t0.113
PA_I_L1,134.0,0.4585820895522388,0.03333031656356818,101.85,0.011609399318695068,0.5414179104477613,0.03333031656356818,0.7282806992087483,0.02554586444065565,0.5872104437052348,0.020034372198944803,0.5872104437052348,0.020034372198944803,0.6538177656575072,0.018303150897532774,0.15688004231811745,0.03391870995515084,0.2803355501123007,0.04099265304757818,0.4585820895522388,0.03333031656356818,0.6577455714569915,0.018515225188183288,abtype2_w55_t0.113
PA_I_L1,201.0,0.4577114427860696,0.02955910602490139,145.0,0.031909167766571045,0.5422885572139304,0.02955910602490139,0.7351132245552529,0.019305642187232873,0.5878183899433915,0.017617499387475984,0.5878183899433915,0.017617499387475984,0.657275184614061,0.015497809790930692,0.15915466385275073,0.03279720395463892,0.286132894512577,0.035610944267473986,0.4577114427860696,0.02955910602490139,0.6614658072493222,0.015480962277340313,abtype2_w55_t0.113
PA_I_L1,268.0,0.4597014925373134,0.01908464455603645,188.25,0.05172213315963745,0.5402985074626865,0.01908464455603645,0.7368629531931401,0.012940550535895809,0.5875420173055751,0.012665459366356498,0.5875420173055751,0.012665459366356498,0.6579208862043691,0.009423354825459272,0.15780342751585724,0.021614204525839335,0.2871684232760333,0.022784296262157513,0.4597014925373134,0.01908464455603645,0.6622024852493577,0.009345640102050952,abtype2_w55_t0.113
PA_I_L1,335.0,0.4549253731343283,0.015608258462568799,228.65,0.06557242870330811,0.5450746268656717,0.015608258462568804,0.7405473888627162,0.010760820259102442,0.5897792713524846,0.00986486796009521,0.5897792713524846,0.00986486796009521,0.660838425561608,0.007422437549291489,0.1628167758152636,0.016400349402924105,0.29340335755148783,0.017641384831809794,0.4549253731343283,0.015608258462568799,0.6651633301076004,0.007401800751828372,abtype2_w55_t0.113
PA_I_L1,402.0,0.4519900497512438,0.01746793021299579,269.65,0.0861163854598999,0.5480099502487563,0.01746793021299578,0.7431922466948053,0.012044512858165008,0.5907781591983386,0.007608437427182752,0.5907781591983386,0.007608437427182752,0.6625780636657366,0.006493840592089145,0.1654099540227736,0.01307479994304319,0.29677437437401666,0.0138419866822522,0.4519900497512438,0.01746793021299579,0.666985202946572,0.0067672848644935325,abtype2_w55_t0.113
PA_I_L1,469.0,0.44872068230277184,0.01802273412045589,309.8,0.10569050312042236,0.5512793176972282,0.01802273412045589,0.745896909646594,0.011373952103363241,0.5915216484707216,0.006936241484282268,0.5915216484707216,0.006936241484282268,0.664207369355496,0.006254591610472803,0.16788704318106507,0.01373879595338531,0.29971833633464245,0.013190918073120231,0.44872068230277184,0.01802273412045589,0.6687092790586578,0.006523762533269402,abtype2_w55_t0.113
PA_I_L1,536.0,0.4513059701492537,0.014865785904374153,351.65,0.12197177410125733,0.5486940298507463,0.014865785904374153,0.7452054513840822,0.009376875280091434,0.5905946955505204,0.008145584826628246,0.5905946955505204,0.008145584826628246,0.6633818028332825,0.006162044306540206,0.1655761782813337,0.014931520680345627,0.29771580135990156,0.014783647483443236,0.4513059701492537,0.014865785904374153,0.6679000734673013,0.006170032767133824,abtype2_w55_t0.113
PA_I_L1,603.0,0.4503316749585407,0.015578796105326267,392.75,0.14239273071289063,0.5496683250414593,0.015578796105326264,0.7459090182537137,0.009334384255066818,0.5915904207749505,0.007219630920804289,0.5915904207749505,0.007219630920804289,0.6642687832429385,0.006914161252370589,0.1675754484204575,0.014954234732010999,0.29995630267897755,0.01518639171559325,0.4503316749585407,0.015578796105326267,0.6687497195143322,0.006993530880741494,abtype2_w55_t0.113
PA_I_L1,670.0,0.45052238805970146,0.015179001746082452,433.35,0.16075809001922609,0.5494776119402985,0.015179001746082431,0.7460861485040696,0.008863778888647257,0.5914980179953522,0.006625556434390897,0.5914980179953522,0.006625556434390897,0.6643007400046178,0.006766584821193631,0.16736961405091438,0.013960195072491915,0.29997097437792586,0.014632870368277838,0.45052238805970146,0.015179001746082452,0.6687920832497111,0.00685616634891629,abtype2_w55_t0.113
PA_I_L1,737.0,0.44871099050203533,0.014462414086698258,473.2,0.17962626218795777,0.5512890094979647,0.014462414086698263,0.7475801736836921,0.008134452223352556,0.591285816871081,0.006191094698502088,0.591285816871081,0.006191094698502088,0.6648466376016822,0.006148321706490941,0.16773330090099114,0.012892402455438646,0.300541126399495,0.013359034143705187,0.44871099050203533,0.014462414086698258,0.6694329952773865,0.00622692541116589,abtype2_w55_t0.113
PA_I_L1,804.0,0.44813432835820893,0.012696927776084862,514.7,0.1978416085243225,0.5518656716417911,0.012696927776084855,0.748010691373737,0.0071692584487244,0.5918371469886488,0.004503868199474269,0.5918371469886488,0.004503868199474269,0.665352016442539,0.005093830331847908,0.1687570110572948,0.010153359514130022,0.3017775600827498,0.01056593924549586,0.44813432835820893,0.012696927776084862,0.6699239191811929,0.005224028124658427,abtype2_w55_t0.113
PA_I_L1,871.0,0.44833524684270964,0.01292065237309702,555.5,0.21678285598754882,0.5516647531572904,0.012920652373097013,0.7483261046903074,0.007107251219070665,0.5911346464990135,0.0046493137391422764,0.5911346464990135,0.0046493137391422764,0.6650995137725013,0.005433180583542869,0.16769265621303983,0.010760781095128227,0.3008279460140358,0.011339100714733373,0.44833524684270964,0.01292065237309702,0.6697303755946603,0.00554345914797116,abtype2_w55_t0.113
PA_I_L1,938.0,0.44866737739872076,0.011424050556991602,595.7,0.23502798080444337,0.5513326226012792,0.011424050556991592,0.7486024185346087,0.00652074150206555,0.5903241745275215,0.0031538508806756645,0.5903241745275215,0.0031538508806756645,0.6647672730609898,0.004527619761089092,0.16637300530368684,0.008339343557103165,0.299686778557855,0.008874419864792663,0.44866737739872076,0.011424050556991602,0.6694632965310652,0.004698687340819772,abtype2_w55_t0.113
PA_I_L1,1000.0,0.45009999999999994,0.009858498871532118,635.05,0.2544959545135498,0.5499,0.009858498871532107,0.7479444444444445,0.005497193447794,0.5901640228979034,0.0016777158787948591,0.5901640228979034,0.0016777158787948591,0.6643851495932724,0.0033828186042783484,0.16557712211411804,0.0059211093582813654,0.29903557464324904,0.0060886993868483974,0.45009999999999994,0.009858498871532118,0.6690542336711739,0.0035836543848299313,abtype2_w55_t0.113
PA_I_L2,67.0,0.47164179104477605,0.04658055681888726,55.1,0.002202332019805908,0.5283582089552239,0.04658055681888727,0.7029961306892034,0.05465356400185308,0.5690909686896775,0.031322662888882635,0.5690909686896775,0.031322662888882635,0.6322636946194109,0.03893588810266273,0.12638302206563004,0.05726785526915104,0.2339843522648719,0.07855352189399027,0.47164179104477605,0.04658055681888726,0.6360435496894403,0.03992927842695448,abtype2_w55_t0.113
PA_I_L2,134.0,0.4615671641791045,0.05057450078057837,105.15,0.013685238361358643,0.5384328358208955,0.05057450078057838,0.7261390301335441,0.03595488729259358,0.5850119079596002,0.023644443928111342,0.5850119079596002,0.023644443928111342,0.651651442306545,0.026780469000982937,0.1540750768606665,0.04694885762289691,0.27572757758156946,0.05603222193669775,0.4615671641791045,0.05057450078057837,0.6555754690465723,0.0273196187949355,abtype2_w55_t0.113
PA_I_L2,201.0,0.46169154228855713,0.03456189936907145,154.35,0.032942783832550046,0.5383084577114429,0.03456189936907145,0.7329397059982574,0.023369815867390613,0.5872025437708459,0.014896060691198445,0.5872025437708459,0.014896060691198445,0.6559843043273493,0.016957670784303262,0.15736981984354678,0.031481923510774,0.2844357212803018,0.03498144380394532,0.46169154228855713,0.03456189936907145,0.6600711248845518,0.017362758829291804,abtype2_w55_t0.113
PA_I_L2,268.0,0.4585820895522388,0.02480431321585112,202.6,0.05163400173187256,0.5414179104477612,0.02480431321585112,0.7367810767750116,0.017524724181129388,0.5898620441002647,0.012253550349011348,0.5898620441002647,0.012253550349011348,0.6591892722476902,0.012197812471002094,0.1618235047193869,0.02384053163821265,0.29112293591186306,0.02604472187552683,0.4585820895522388,0.02480431321585112,0.6633215604376381,0.012424250510695472,abtype2_w55_t0.113
PA_I_L2,335.0,0.4528358208955224,0.022220266739040512,248.95,0.06514245271682739,0.5471641791044776,0.022220266739040512,0.7415157741962801,0.014888303490276592,0.5907513199206547,0.009433912628286335,0.5907513199206547,0.009433912628286335,0.6618307515858917,0.010628224044376867,0.16541685026920283,0.019837384721290083,0.29581925104869744,0.022099638898709754,0.4528358208955224,0.022220266739040512,0.6661335470584673,0.010881421938183478,abtype2_w55_t0.113
PA_I_L2,402.0,0.4512437810945274,0.01855527979997166,295.35,0.08374874591827393,0.5487562189054728,0.01855527979997167,0.7430846206887783,0.012095609881566586,0.5920377625027318,0.01072854516115785,0.5920377625027318,0.01072854516115785,0.6632559687153203,0.010252250884857908,0.16783285253470615,0.020865650791378535,0.29880878495329694,0.022866971608209285,0.4512437810945274,0.01855527979997166,0.6675611915957551,0.010250249552320108,abtype2_w55_t0.113
PA_I_L2,469.0,0.4484008528784648,0.018380223496516267,341.2,0.10302385091781616,0.5515991471215352,0.018380223496516267,0.7456688413497402,0.011105864780740153,0.5918969356549748,0.009575986552447527,0.5918969356549748,0.009575986552447527,0.6643345058801348,0.009401127190467729,0.16875003432875252,0.019287584667980407,0.3002383075120222,0.02098266605327017,0.4484008528784648,0.018380223496516267,0.6687828885023575,0.009411019143476177,abtype2_w55_t0.113
PA_I_L2,536.0,0.44804104477611933,0.01664817953477894,386.75,0.12011408805847168,0.5519589552238806,0.016648179534778915,0.7468466154415656,0.010475147478083915,0.5908001735837678,0.007847577350035972,0.5908001735837678,0.007847577350035972,0.6642421441794168,0.007943122936205759,0.16721689804342102,0.015756179922951762,0.29921691943350875,0.017278145104450464,0.44804104477611933,0.01664817953477894,0.6688233945126667,0.00803946065351418,abtype2_w55_t0.113
PA_I_L2,603.0,0.4502487562189056,0.01586762258669689,435.2,0.13628807067871093,0.5497512437810945,0.01586762258669688,0.7461489901077396,0.009216429384815004,0.590524123630868,0.0063512641410769675,0.590524123630868,0.0063512641410769675,0.6637840910491433,0.0070329514469634445,0.1660721095632005,0.013736903432312007,0.29844333244626775,0.014848487637534762,0.4502487562189056,0.01586762258669689,0.6683365568693038,0.007156955286993361,abtype2_w55_t0.113
PA_I_L2,670.0,0.44843283582089555,0.013585164487087891,480.95,0.1522689938545227,0.5515671641791046,0.0135851644870879,0.7474243282487482,0.008165717950531897,0.5913004574502059,0.005586144691054489,0.5913004574502059,0.005586144691054489,0.6647892630762536,0.0062075894435027965,0.16788355761594953,0.012153520270658316,0.30052057081043315,0.013077040740656616,0.44843283582089555,0.013585164487087891,0.6693623928494771,0.006320334103045111,abtype2_w55_t0.113
PA_I_L2,737.0,0.4476933514246947,0.012215248985248494,527.45,0.17365936040878296,0.5523066485753053,0.012215248985248485,0.7482586520285398,0.00742608177151946,0.5910978048177655,0.0052526098413793335,0.5910978048177655,0.0052526098413793335,0.665045653276391,0.00556222057875707,0.16783945161232078,0.011107800553350918,0.30068716978328663,0.011872202553007093,0.4476933514246947,0.012215248985248494,0.6696782284231527,0.005656009632670608,abtype2_w55_t0.113
PA_I_L2,804.0,0.44888059701492544,0.010777921184522359,574.15,0.19116880893707275,0.5511194029850748,0.010777921184522346,0.7478949823840512,0.006721558783207286,0.5907669354865237,0.003485296405236519,0.5907669354865237,0.003485296405236519,0.6646992626547263,0.004367233300542415,0.1668827377044158,0.007856913643015353,0.29996326361839387,0.008656485430368531,0.44888059701492544,0.010777921184522359,0.6693309589352874,0.004539769455555972,abtype2_w55_t0.113
PA_I_L2,871.0,0.4481630309988519,0.009600765142583003,620.8,0.20931237936019897,0.5518369690011481,0.009600765142582996,0.7485671792530704,0.005869418863669188,0.5907921241112053,0.0031530480150773516,0.5907921241112053,0.0031530480150773516,0.6650139833408476,0.0039894178491694495,0.1672088846825586,0.007388060570136081,0.30042598116382324,0.00797979246271753,0.4481630309988519,0.009600765142583003,0.6696796516821379,0.004130103967988103,abtype2_w55_t0.113
PA_I_L2,938.0,0.44696162046908305,0.010373934145004563,666.0,0.22758198976516725,0.553038379530917,0.010373934145004558,0.7496215864885312,0.005755190377740867,0.5904321989420642,0.0027778481563435478,0.5904321989420642,0.0027778481563435478,0.665278864289398,0.003632102495809376,0.16712798528796022,0.007020600736133675,0.3004642310385469,0.007093148817653506,0.44696162046908305,0.010373934145004563,0.6700268927152977,0.003798491950828137,abtype2_w55_t0.113
PA_I_L2,1000.0,0.4473,0.01071494283699172,709.45,0.24808331727981567,0.5527000000000001,0.010714942836991691,0.7494999999999999,0.00603717904854556,0.5906371730272121,0.001867324567894768,0.5906371730272121,0.001867324567894768,0.6653419321489669,0.0037287189723772796,0.16732814156220194,0.006586738505549886,0.30075823393892775,0.0067304343911761795,0.4473,0.01071494283699172,0.670068586513606,0.003949433690593939,abtype2_w55_t0.113
PA_II_L1,67.0,0.46492537313432836,0.07146667029632403,49.1,0.0018055438995361328,0.5350746268656716,0.07146667029632402,0.6984087740009933,0.06472621988346128,0.5688572830110273,0.03400831102417089,0.5688572830110273,0.03400831102417089,0.6301002394750969,0.046460692397743926,0.13065522837104124,0.07432630479454475,0.23168815252746483,0.09234780372579245,0.46492537313432836,0.07146667029632403,0.6336330285060103,0.04776512585005875,abtype2_w55_t0.113
PA_II_L1,134.0,0.4597014925373135,0.04379522612274987,91.25,0.014263975620269775,0.5402985074626865,0.04379522612274988,0.7255926083476398,0.033250407424492784,0.5787988591820383,0.018401654456067063,0.5787988591820383,0.018401654456067063,0.6479129088531833,0.021558173892341673,0.14481592827751213,0.036555269777429414,0.2650606271047801,0.044536481452043024,0.4597014925373135,0.04379522612274987,0.6521957337648391,0.022425695283983,abtype2_w55_t0.113
PA_II_L1,201.0,0.454726368159204,0.03167712911389375,131.35,0.028729021549224854,0.545273631840796,0.03167712911389373,0.7356159247945985,0.022134739424639095,0.582396532484166,0.013762870687855795,0.582396532484166,0.013762870687855795,0.6544506304578903,0.01398721917835624,0.15203718014046955,0.025914937621116952,0.2777064104735508,0.029314076015797816,0.454726368159204,0.03167712911389375,0.6590062286393823,0.014504961496842477,abtype2_w55_t0.113
PA_II_L1,268.0,0.4567164179104478,0.028670705540744107,171.3,0.04597984552383423,0.5432835820895523,0.028670705540744093,0.7382513999818056,0.018361935380919864,0.5812536748390511,0.011748103218961446,0.5812536748390511,0.011748103218961446,0.6550014705026413,0.011567156331228878,0.14978296450692855,0.022644206572412166,0.2775197084968381,0.024810554588144396,0.4567164179104478,0.028670705540744107,0.6597525374104283,0.011978638733245173,abtype2_w55_t0.113
PA_II_L1,335.0,0.45373134328358206,0.025416994576009547,211.25,0.060535240173339847,0.5462686567164179,0.025416994576009558,0.7416442777362793,0.014826528727315135,0.5841164635613676,0.00993485374271696,0.5841164635613676,0.00993485374271696,0.6581449439568725,0.00983904362720616,0.1553221179619398,0.02059940318584783,0.28466048620541656,0.021288991051089355,0.45373134328358206,0.025416994576009547,0.6628803706488234,0.010104576689505254,abtype2_w55_t0.113
PA_II_L1,402.0,0.4528606965174129,0.01913119698171082,251.1,0.07938814163208008,0.5471393034825871,0.019131196981710813,0.7432843293010799,0.010244697822494823,0.5847947114202829,0.009545496251536988,0.5847947114202829,0.009545496251536988,0.6592683872906756,0.008073213009260548,0.15657954635585428,0.018611804672549078,0.2868430589152107,0.019050225878034722,0.4528606965174129,0.01913119698171082,0.6640395203606815,0.00803970019275582,abtype2_w55_t0.113
PA_II_L1,469.0,0.4523454157782517,0.020072959425816467,290.9,0.09744105339050294,0.5476545842217483,0.020072959425816474,0.744490603099488,0.009477933422394523,0.5854615829566348,0.00926157742321023,0.5854615829566348,0.00926157742321023,0.660189359536321,0.008324282752377562,0.15793928833840415,0.01927601987229771,0.28877412722520324,0.019551671190823277,0.4523454157782517,0.020072959425816467,0.6649760930280613,0.008259575065225776,abtype2_w55_t0.113
PA_II_L1,536.0,0.4508395522388059,0.018177377730285434,329.9,0.11320910453796387,0.549160447761194,0.018177377730285424,0.7461113093770512,0.008757373858643712,0.5857879738657195,0.00739315200104018,0.5857879738657195,0.00739315200104018,0.661096033589938,0.007070495690800335,0.1589642908267654,0.016353177730339053,0.29040365013442304,0.01609296907692157,0.4508395522388059,0.018177377730285434,0.6659496416213853,0.007092266424973338,abtype2_w55_t0.113
PA_II_L1,603.0,0.4519071310116087,0.016793859682564298,371.4,0.1312321901321411,0.5480928689883913,0.016793859682564288,0.745733139071519,0.008293457480047483,0.5866601821156225,0.006641235421018414,0.5866601821156225,0.006641235421018414,0.6614221497692269,0.006515915448176321,0.15984296495624434,0.014808670466734137,0.2917008243184685,0.014520886871558124,0.4519071310116087,0.016793859682564298,0.6661966605935707,0.006565893106295264,abtype2_w55_t0.113
PA_II_L1,670.0,0.45246268656716415,0.014890070189317971,411.0,0.14849334955215454,0.5475373134328358,0.014890070189317975,0.7457398113802167,0.00780727860216566,0.5870566516239297,0.005942915796765139,0.5870566516239297,0.005942915796765139,0.6616484422393923,0.00579779993988814,0.1601915220737643,0.013156021076190193,0.29239069167551657,0.01280077423633637,0.45246268656716415,0.014890070189317971,0.666398231502073,0.005869193901042573,abtype2_w55_t0.113
PA_II_L1,737.0,0.45027137042062426,0.011618925082381616,449.85,0.16590795516967774,0.5497286295793757,0.01161892508238162,0.7468504002422172,0.005668538699652846,0.5888300920954677,0.004342223382473111,0.5888300920954677,0.004342223382473111,0.6631440085423818,0.004077534082334328,0.16355218490518897,0.00963583670361828,0.2960806474446507,0.009037418480468108,0.45027137042062426,0.011618925082381616,0.6678402461688426,0.004129528492201199,abtype2_w55_t0.113
PA_II_L1,804.0,0.45000000000000007,0.01060209394085875,489.9,0.18317791223526,0.55,0.010602093940858755,0.7470904611483334,0.00538357337793527,0.5895101952245074,0.0038423447726432243,0.5895101952245074,0.0038423447726432243,0.6636354625293234,0.003921725932420415,0.1646578982885578,0.008775326226078664,0.2973841870086037,0.008423824235030698,0.45000000000000007,0.01060209394085875,0.6683003281864203,0.003989780489611464,abtype2_w55_t0.113
PA_II_L1,871.0,0.4506314580941447,0.010773244718893685,529.75,0.19970072507858277,0.5493685419058554,0.010773244718893678,0.7469548260110233,0.005488785008811285,0.5895146493555317,0.004215321530454518,0.5895146493555317,0.004215321530454518,0.6635775777342184,0.004188949443305827,0.164433051076988,0.00932426831734252,0.2973009050551826,0.00917698188207165,0.4506314580941447,0.010773244718893685,0.6682347376832775,0.00423582795800214,abtype2_w55_t0.113
PA_II_L1,938.0,0.44984008528784647,0.00862469394146771,568.85,0.21778428554534912,0.5501599147121535,0.008624693941467707,0.7476469484424059,0.0045635076012076736,0.5895295047793816,0.0022696315332778457,0.5895295047793816,0.0022696315332778457,0.6638950068887957,0.0028514445996364003,0.1647245177770378,0.005814153528526597,0.29778274728561716,0.005601125616384264,0.44984008528784647,0.00862469394146771,0.6685882266108939,0.0029802732737919235,abtype2_w55_t0.113
PA_II_L1,1000.0,0.4484,0.00831504660239497,604.45,0.23611413240432738,0.5516000000000001,0.008315046602394953,0.7484444444444444,0.004787457893957896,0.5902702547676999,0.00149641455744004,0.5902702547676999,0.00149641455744004,0.6646674505754528,0.0029657013527844517,0.16635516963054017,0.005068757945056828,0.29951347997618816,0.005360768994140135,0.4484,0.00831504660239497,0.6693573496060722,0.003138617697422083,abtype2_w55_t0.113
PA_II_L2,67.0,0.46641791044776115,0.0662247736914136,56.3,0.0020978569984436033,0.5335820895522388,0.06622477369141361,0.722593235016807,0.04780886707679657,0.5831838093632716,0.030886440477180744,0.5831838093632716,0.030886440477180744,0.6488685049126686,0.033934093103653,0.15089037484450682,0.061035888709758,0.26740418512584324,0.07528844789543243,0.46641791044776115,0.0662247736914136,0.6528885221900393,0.034619459220187804,abtype2_w55_t0.113
PA_II_L2,134.0,0.45335820895522394,0.04266640532100475,105.9,0.010988330841064453,0.546641791044776,0.042666405321004734,0.7378354690252331,0.028439350410165504,0.5912621039316626,0.014564974928145463,0.5912621039316626,0.014564974928145463,0.6603996971463781,0.0181495237522357,0.16640151075854762,0.033288486445691906,0.29386121431658163,0.03576453020014029,0.45335820895522394,0.04266640532100475,0.6645487864784478,0.01888757535261557,abtype2_w55_t0.113
PA_II_L2,201.0,0.454726368159204,0.032410940248561844,154.9,0.030252742767333984,0.5452736318407961,0.032410940248561844,0.7409095545479414,0.0185333967944996,0.5877205220021632,0.013334854507494255,0.5877205220021632,0.013334854507494255,0.6598219177359683,0.012814605557273772,0.16027411400462022,0.027209427213188284,0.289997704567048,0.027529751307839925,0.454726368159204,0.032410940248561844,0.6643150382750523,0.01307821959962967,abtype2_w55_t0.113
PA_II_L2,268.0,0.4522388059701492,0.022437755788616284,202.7,0.05035918951034546,0.5477611940298508,0.022437755788616266,0.7432115731885116,0.011991307741464686,0.5903796033883081,0.00925160576115102,0.5903796033883081,0.00925160576115102,0.6623783364754648,0.008879519167096898,0.1650255983025898,0.01861442249496336,0.29619499582067144,0.019539633254612745,0.4522388059701492,0.022437755788616284,0.6667955882884098,0.008990120000980668,abtype2_w55_t0.113
PA_II_L2,335.0,0.4528358208955224,0.018644174889107096,250.95,0.0627440094947815,0.5471641791044777,0.018644174889107093,0.74385717088542,0.009100674181192992,0.5902753668480905,0.011578772928116137,0.5902753668480905,0.011578772928116137,0.6625933897661851,0.008175687440470175,0.1643986214845693,0.02022762449924969,0.29611641655224336,0.020913165449274986,0.4528358208955224,0.018644174889107096,0.6670662688667554,0.007896921125679272,abtype2_w55_t0.113
PA_II_L2,402.0,0.45298507462686566,0.0174643873815603,299.45,0.0801243543624878,0.5470149253731345,0.01746438738156029,0.7442568338648087,0.009484132184894488,0.5915304565338451,0.007872381528118056,0.5915304565338451,0.007872381528118056,0.6634887512486883,0.006462022342336314,0.16631894596234106,0.014990417324959609,0.2987188622562944,0.015125594209297316,0.45298507462686566,0.0174643873815603,0.6678936451993269,0.0064983701389176585,abtype2_w55_t0.113
PA_II_L2,469.0,0.45031982942430704,0.0166611723629734,344.8,0.10005431175231934,0.5496801705756929,0.016661172362973393,0.7465248676709539,0.008603701158081817,0.5912245578512063,0.007736623969043227,0.5912245578512063,0.007736623969043227,0.6643340209358601,0.006567139401413725,0.1669768892058376,0.015383266377388214,0.29966471153593816,0.015280195897429304,0.45031982942430704,0.0166611723629734,0.6688747127610802,0.00655451718524096,abtype2_w55_t0.113
PA_II_L2,536.0,0.45018656716417904,0.016115126920396978,391.7,0.11905715465545655,0.5498134328358208,0.016115126920396978,0.747327947554248,0.008569790569292978,0.5900732060193516,0.007337097568505763,0.5900732060193516,0.007337097568505763,0.6640436563556077,0.006235072857140667,0.1653165871154158,0.014226241141236618,0.29826655237284583,0.014358666618107576,0.45018656716417904,0.016115126920396978,0.6687005767867997,0.006256711357689217,abtype2_w55_t0.113
PA_II_L2,603.0,0.4504145936981757,0.013187990283297533,438.75,0.13112002611160278,0.5495854063018243,0.013187990283297556,0.7475010774044908,0.007293927353534045,0.5900626099184068,0.006354028709792937,0.5900626099184068,0.006354028709792937,0.6641204950462775,0.005491383254650557,0.16523780998615012,0.012235907848441535,0.2984265789935935,0.012607586074818095,0.4504145936981757,0.013187990283297533,0.6687818436614487,0.005501731954078536,abtype2_w55_t0.113
PA_II_L2,670.0,0.44932835820895517,0.012293969239484639,486.55,0.15122944116592407,0.5506716417910449,0.012293969239484644,0.7481646390312175,0.00704781971564013,0.5908261998663178,0.005328499027835785,0.5908261998663178,0.005328499027835785,0.6648476280801562,0.004971569636790022,0.16677434144707684,0.010632776821546347,0.300142901804523,0.010995497948807914,0.44932835820895517,0.012293969239484639,0.6694954194487677,0.0050421645952094364,abtype2_w55_t0.113
PA_II_L2,737.0,0.44816824966078705,0.010973737989468522,533.6,0.1723914384841919,0.5518317503392131,0.010973737989468511,0.7488660462378188,0.006628756851655661,0.591341238779975,0.005113272873604387,0.591341238779975,0.005113272873604387,0.6654521430363778,0.0050043674573392715,0.16797632311717936,0.010129645850760656,0.30144969338832583,0.010950149858327585,0.44816824966078705,0.010973737989468522,0.6701036425088971,0.005062898935446397,abtype2_w55_t0.113
PA_II_L2,804.0,0.4507462686567164,0.010637055598619556,582.85,0.19011470079421997,0.5492537313432837,0.010637055598619537,0.7477588157851092,0.006554807526901708,0.5904806463392009,0.004307922035190659,0.5904806463392009,0.004307922035190659,0.6644761035308656,0.004478172106383825,0.16574340068261387,0.008653304399229133,0.2993765627281585,0.00943049290106355,0.4507462686567164,0.010637055598619556,0.669119731062155,0.004593429292875075,abtype2_w55_t0.113
PA_II_L2,871.0,0.45149253731343286,0.009431776810081666,630.65,0.20451006889343262,0.5485074626865671,0.009431776810081663,0.7476218695150868,0.006072284063584533,0.5900531271715869,0.0034702728648597376,0.5900531271715869,0.0034702728648597376,0.6641779775652159,0.00423516412523356,0.1648809373618296,0.0077368726497916325,0.2986260481518715,0.008589527519098103,0.45149253731343286,0.009431776810081666,0.6688374983433367,0.004367960753933389,abtype2_w55_t0.113
PA_II_L2,938.0,0.45095948827292115,0.008041800497077234,677.6,0.2251569390296936,0.5490405117270789,0.008041800497077227,0.7480477686812442,0.005380212519288653,0.5901431352729516,0.0025830448913185936,0.5901431352729516,0.0025830448913185936,0.6644189735255779,0.003599566785192835,0.16520706423033088,0.006103326693143263,0.29904986139544004,0.007034880117806251,0.45095948827292115,0.008041800497077234,0.6690954519770979,0.003747207104659903,abtype2_w55_t0.113
PA_II_L2,1000.0,0.45075000000000004,0.009944219426380331,723.2,0.24632959365844725,0.5492500000000001,0.009944219426380322,0.74825,0.0063227860517963115,0.5903059974628164,0.001973520089421894,0.5903059974628164,0.001973520089421894,0.6646003009957689,0.003917133958698342,0.16555356234284785,0.006466999947682765,0.29945531419712945,0.007080675245672602,0.45075000000000004,0.009944219426380331,0.6692779987314081,0.004145939161697242,abtype2_w55_t0.113
