Algorithm,Captured Time,Mistakes,Mistakes (Std),Updates,Time,Accuracies,Accuracies (Std),Sensitivities,Sensitivities (Std),Specificities,Specificities (Std),Precisions,Precisions (Std),G-Mean,G-Mean (Std),Kappas,Kappas (Std),MCCs,MCCs (Std),Cumulative Errors,Cumulative Errors (Std),Sum,Sum (Std),Dataset
Gaussian_Kernel_Perceptron,67.0,0.7813432835820896,0.19433242768052564,63.0,0.005703616142272949,0.21865671641791037,0.1943324276805256,0.47311798645669,0.04946010724494656,0.4057216720594524,0.13303048695545436,0.4057216720594524,0.13303048695545436,0.4284593261636952,0.1021069331107431,-0.009024462953312162,0.021577390168817365,-0.08283583952997078,0.10710642614146969,0.7813432835820896,0.19433242768052564,0.4394198292580712,0.07784826829629334,abtype5_w100_t0.651
Gaussian_Kernel_Perceptron,134.0,0.828731343283582,0.11380229991634983,124.35,0.02654850482940674,0.17126865671641792,0.11380229991634985,0.5005394425643575,0.060054028835270015,0.43505225298868383,0.08027904195219496,0.43505225298868383,0.08027904195219496,0.4651856380772075,0.0640210017423929,0.0008251115319548475,0.027623177586913038,-0.0469564857532887,0.09272089025247424,0.828731343283582,0.11380229991634983,0.4677958477765207,0.062294300775148866,abtype5_w100_t0.651
Gaussian_Kernel_Perceptron,201.0,0.8465174129353235,0.07938831707809946,185.55,0.04679276943206787,0.15348258706467663,0.07938831707809946,0.5013274588007717,0.04446998745077574,0.44152138179005584,0.07677937414686412,0.44152138179005584,0.07677937414686412,0.4691576248819381,0.05673603234941537,0.0011979432002945823,0.021532705126013005,-0.03569172113329672,0.07962309506260523,0.8465174129353235,0.07938831707809946,0.47142442029541376,0.05439387856978636,abtype5_w100_t0.651
Gaussian_Kernel_Perceptron,268.0,0.855410447761194,0.05695495546965759,247.9,0.0683740496635437,0.14458955223880596,0.05695495546965759,0.5017133962012279,0.033754875043567764,0.4480167382270138,0.07718008043564917,0.4480167382270138,0.07718008043564917,0.472700293941946,0.0529072135691484,0.0003946599087549296,0.01408037345922269,-0.02756741936784495,0.06898357119436695,0.855410447761194,0.05695495546965759,0.4748650672141209,0.05008402965123752,abtype5_w100_t0.651
Gaussian_Kernel_Perceptron,335.0,0.8640298507462688,0.047051395473403916,309.7,0.08865745067596435,0.13597014925373135,0.0470513954734039,0.5008988197287081,0.02762763259556044,0.4469779016979253,0.07730935990491056,0.4469779016979253,0.07730935990491056,0.47169130535463955,0.05091009359517977,0.00027419597817357477,0.011801080492147238,-0.026267127457407703,0.062407498507827217,0.8640298507462688,0.047051395473403916,0.4739383607133167,0.04776941164385206,abtype5_w100_t0.651
Gaussian_Kernel_Perceptron,402.0,0.8694029850746269,0.041658312075456394,372.15,0.11008448600769043,0.13059701492537318,0.041658312075456366,0.5003767585936978,0.024623565071556244,0.44389951954943696,0.085008371278628,0.44389951954943696,0.085008371278628,0.4694915904408167,0.054914637175648484,0.00027232056246530024,0.01086547834622839,-0.027312864351286457,0.06673330980688245,0.8694029850746269,0.041658312075456394,0.47213813907156743,0.05117294064968674,abtype5_w100_t0.651
Gaussian_Kernel_Perceptron,469.0,0.872494669509595,0.039750450188034796,433.35,0.13307217359542847,0.12750533049040513,0.039750450188034796,0.5001655049226928,0.022055975041979016,0.44367629614195725,0.0859132476010902,0.44367629614195725,0.0859132476010902,0.4691952990434271,0.05462681711590479,0.0005762113431233395,0.010717857805450898,-0.02573084054108928,0.06455689650541681,0.872494669509595,0.039750450188034796,0.47192090053232516,0.05074699589533669,abtype5_w100_t0.651
Gaussian_Kernel_Perceptron,536.0,0.874160447761194,0.03466574048987406,494.65,0.15537691116333008,0.12583955223880597,0.03466574048987406,0.5003452975071873,0.019417190934181545,0.444478638135218,0.085692981429775,0.444478638135218,0.085692981429775,0.4696764473136058,0.05354214251328346,0.0005736709822650177,0.009470265847665893,-0.0232624458463697,0.060513569326285876,0.874160447761194,0.03466574048987406,0.47241196782120254,0.04964920411112994,abtype5_w100_t0.651
Gaussian_Kernel_Perceptron,603.0,0.8778606965174129,0.030620600598189947,556.45,0.17845174074172973,0.12213930348258706,0.030620600598189933,0.5001673738766085,0.017203744476775168,0.44386082215953027,0.08553090145218754,0.44386082215953027,0.08553090145218754,0.46921402252911487,0.052714391227231414,0.00038868216665253195,0.008218723524496112,-0.02259799478120023,0.05652753737102439,0.8778606965174129,0.030620600598189947,0.4720140980180694,0.048691149903184135,abtype5_w100_t0.651
Gaussian_Kernel_Perceptron,670.0,0.8801492537313435,0.027138334433269566,618.55,0.2011166214942932,0.11985074626865673,0.02713833443326957,0.49935378489420124,0.015883264844905487,0.4395119793428165,0.09037029498169201,0.4395119793428165,0.09037029498169201,0.46623608149356793,0.05535692645627218,-3.161069885986301e-05,0.007088654608807033,-0.025923469075017226,0.057951162626212534,0.8801492537313435,0.027138334433269566,0.46943288211850887,0.05088239754861425,abtype5_w100_t0.651
Gaussian_Kernel_Perceptron,737.0,0.882089552238806,0.023497058830494015,680.45,0.22453622817993163,0.11791044776119404,0.02349705883049402,0.4994216289308716,0.014234560073827226,0.4393502927098565,0.08944031020386393,0.4393502927098565,0.08944031020386393,0.4661840517484264,0.05424678203355593,-0.00013809040993205678,0.006086186012273015,-0.024764707473821833,0.054074021901303664,0.882089552238806,0.023497058830494015,0.469385960820364,0.04975108292335623,abtype5_w100_t0.651
Gaussian_Kernel_Perceptron,804.0,0.8817786069651742,0.021992339511817293,742.85,0.24786863327026368,0.11822139303482589,0.021992339511817283,0.49989888200922455,0.013487015948848135,0.4462748571563678,0.08457598770066524,0.4462748571563678,0.08457598770066524,0.4703558034161027,0.05120388105295778,4.764316368408017e-05,0.005695570263542564,-0.020966755503680882,0.05136724443490899,0.8817786069651742,0.021992339511817293,0.47308686958279617,0.04707236837132805,abtype5_w100_t0.651
Gaussian_Kernel_Perceptron,871.0,0.8829506314580942,0.019943605977822458,804.5,0.270576536655426,0.11704936854190587,0.019943605977822448,0.5001227094042526,0.012479025694263377,0.4480581288309312,0.08551451149315609,0.4480581288309312,0.08551451149315609,0.47134376499444997,0.05133024531744725,0.00012723633989038529,0.00525256974105154,-0.018916844098801188,0.04979389594060786,0.8829506314580942,0.019943605977822458,0.4740904191175919,0.047169494384947254,abtype5_w100_t0.651
Gaussian_Kernel_Perceptron,938.0,0.8826226012793177,0.01860913823672888,866.55,0.2936921000480652,0.11737739872068227,0.018609138236728873,0.5003726657022122,0.011594893062375404,0.44942502632506054,0.08614917468896956,0.44942502632506054,0.08614917468896956,0.4721334481652331,0.051417676067087234,0.00022446311997140756,0.004876967541017813,-0.017106954696401645,0.04823949834524808,0.8826226012793177,0.01860913823672888,0.4748988460136364,0.04717961824418819,abtype5_w100_t0.651
Gaussian_Kernel_Perceptron,1000.0,0.8836999999999999,0.017401436722293953,923.8,0.31613864898681643,0.1163,0.01740143672229394,0.500611111111111,0.010910551015269124,0.4531141061868443,0.08333327915199668,0.4531141061868443,0.08333327915199668,0.4743588648812077,0.04940616687683491,0.00031631035974958867,0.004589501269235605,-0.014857526399540619,0.04645457330311347,0.8836999999999999,0.017401436722293953,0.47686260864897767,0.045580059386622886,abtype5_w100_t0.651
PA1_L1,67.0,0.4567164179104478,0.06250863161603559,62.15,0.0046185731887817385,0.5432835820895523,0.06250863161603559,0.7066944366506911,0.061760388812114556,0.5795696335202429,0.03828989927403435,0.5795696335202429,0.03828989927403435,0.6396725324720607,0.04523680547063281,0.14878477033509563,0.07443590593815803,0.2528511302646425,0.09190992903736848,0.4567164179104478,0.06250863161603559,0.6431320350854671,0.04630827525557075,abtype5_w100_t0.651
PA1_L1,134.0,0.46231343283582094,0.04373637330350813,116.05,0.02262376546859741,0.5376865671641791,0.04373637330350812,0.7228979146201933,0.03245095791986785,0.5845776434613515,0.023686870411831453,0.5845776434613515,0.023686870411831453,0.6499548101851274,0.02491232879696285,0.15297675417819917,0.04497308796868795,0.27281454155775714,0.053559568585206406,0.46231343283582094,0.04373637330350813,0.6537377790407723,0.02528820146814652,abtype5_w100_t0.651
PA1_L1,201.0,0.45820895522388067,0.03417660596138427,165.9,0.039251530170440675,0.5417910447761194,0.034176605961384256,0.7311602219613619,0.023404847055111363,0.5887714162498207,0.0209919744043788,0.5887714162498207,0.0209919744043788,0.6560049517122217,0.01859031504254754,0.1598483086558267,0.03727463746076517,0.2848870163233893,0.04157520228854552,0.45820895522388067,0.03417660596138427,0.6599658191055913,0.018655857285913822,abtype5_w100_t0.651
PA1_L1,268.0,0.45429104477611937,0.03282468858102203,212.6,0.0546034574508667,0.5457089552238807,0.03282468858102203,0.7374286746928747,0.019657894810396415,0.5886161755158685,0.01675658498226774,0.5886161755158685,0.01675658498226774,0.6587841029889817,0.01625133624560179,0.16183168682427634,0.033863391200776936,0.28923359107025987,0.03600875590984305,0.45429104477611937,0.03282468858102203,0.6630224251043717,0.01630585863473171,abtype5_w100_t0.651
PA1_L1,335.0,0.4597014925373135,0.028097782986865886,260.65,0.07053297758102417,0.5402985074626865,0.028097782986865886,0.7366057819028643,0.01606799877623276,0.5880344619884864,0.01378374193178734,0.5880344619884864,0.01378374193178734,0.6581031656500014,0.013140725482590699,0.15899452116049093,0.027558405976223107,0.28801386917156263,0.02928044742097832,0.4597014925373135,0.028097782986865886,0.6623201219456754,0.013171118195894187,abtype5_w100_t0.651
PA1_L1,402.0,0.461318407960199,0.024881529149342576,306.7,0.0870844841003418,0.5386815920398009,0.024881529149342566,0.7372051745630925,0.01429524862301586,0.587298138287382,0.011142119832901818,0.587298138287382,0.011142119832901818,0.6579611246576821,0.010649560754476973,0.15719683391740047,0.021977298342840755,0.2873091605745745,0.02349126155073363,0.461318407960199,0.024881529149342576,0.6622516564252372,0.010753572246439011,abtype5_w100_t0.651
PA1_L1,469.0,0.46002132196162043,0.022208386549075153,351.95,0.10411715507507324,0.5399786780383795,0.02220838654907518,0.7389908828218491,0.01307936616776284,0.5876753132426483,0.009322033183968887,0.5876753132426483,0.009322033183968887,0.6589732615634254,0.009058258040009419,0.1582193349137038,0.018626845660375084,0.2891328591256697,0.01952033867157494,0.46002132196162043,0.022208386549075153,0.6633330980322489,0.009222201729613045,abtype5_w100_t0.651
PA1_L1,536.0,0.46054104477611946,0.018177377730285427,396.9,0.12101852893829346,0.5394589552238807,0.01817737773028542,0.7394418900575788,0.010460056331431575,0.5877379168978143,0.006530533595367283,0.5877379168978143,0.006530533595367283,0.6592219546045763,0.006776093648431746,0.15813498292137732,0.013539811868273693,0.28969058323959107,0.014062559609136408,0.46054104477611946,0.018177377730285427,0.6635899034776964,0.006981943573776283,abtype5_w100_t0.651
PA1_L1,603.0,0.4594527363184079,0.016446153906532934,439.25,0.13792705535888672,0.540547263681592,0.016446153906532934,0.7408274470463357,0.009207365443017574,0.5874128508888414,0.006424110536202527,0.5874128508888414,0.006424110536202527,0.6596603661239839,0.006314626379772652,0.15810181474062496,0.013192370076174745,0.29000470192321265,0.013541401576362548,0.4594527363184079,0.016446153906532934,0.6641201489675886,0.006447202581179482,abtype5_w100_t0.651
PA1_L1,670.0,0.4575373134328358,0.01409223191062249,481.35,0.15476882457733154,0.5424626865671642,0.014092231910622486,0.7422246176199979,0.00797971093853643,0.5880137015312009,0.0061453764157974045,0.5880137015312009,0.0061453764157974045,0.660622277155207,0.0057074699112908914,0.15964527880879764,0.012094205189355282,0.2918607229120699,0.012575900163606145,0.4575373134328358,0.01409223191062249,0.6651191595755994,0.005781186348047804,abtype5_w100_t0.651
PA1_L1,737.0,0.45732700135685206,0.011291056006443522,524.4,0.1721754789352417,0.5426729986431479,0.01129105600644353,0.742601733366588,0.006559325433536201,0.5885530783102795,0.0039780778638240305,0.5885530783102795,0.0039780778638240305,0.6610976839085312,0.004079750643884211,0.1605110592441367,0.008333987394213678,0.2930635779921559,0.008442987555528495,0.45732700135685206,0.011291056006443522,0.6655774058384336,0.004223791537391734,abtype5_w100_t0.651
PA1_L1,804.0,0.45814676616915423,0.010679691440399717,568.2,0.18908495903015138,0.5418532338308457,0.010679691440399703,0.7421003676378952,0.0059924461233962474,0.5894742378396379,0.002966245279815316,0.5894742378396379,0.002966245279815316,0.6613921519587318,0.0032146443771665614,0.16151372670690695,0.006541022328003868,0.29429851519816774,0.006230845960456345,0.45814676616915423,0.010679691440399717,0.6657873027387666,0.0034071988503280464,abtype5_w100_t0.651
PA1_L1,871.0,0.45987370838117114,0.009526336812910206,610.85,0.20588818788528443,0.5401262916188289,0.009526336812910208,0.7416662747125023,0.005592613156973167,0.5884073596490108,0.0020922996326148205,0.5884073596490108,0.0020922996326148205,0.6606025943369751,0.0030104872632496183,0.1593678742820258,0.005348113678506288,0.2923061774691872,0.005406718370963094,0.45987370838117114,0.009526336812910206,0.6650368171807565,0.003223643423286175,abtype5_w100_t0.651
PA1_L1,938.0,0.46066098081023454,0.009201235551097328,653.15,0.22314947843551636,0.5393390191897655,0.009201235551097314,0.741696231729002,0.005789083040111766,0.587558621433216,0.0014228012355685712,0.587558621433216,0.0014228012355685712,0.660139416067997,0.0029291252656465437,0.15786193199881204,0.004455369228100518,0.2909259511954824,0.004785214962685869,0.46066098081023454,0.009201235551097328,0.6646274265811092,0.003192327318346014,abtype5_w100_t0.651
PA1_L1,1000.0,0.4593,0.007810889834071402,691.15,0.24029667377471925,0.5407,0.007810889834071411,0.7423888888888889,0.004811572982705481,0.588476732356151,0.0014964054302606055,0.588476732356151,0.0014964054302606055,0.6609666136007313,0.0029781627672650023,0.1597046918513568,0.004802977610477764,0.29288703277110895,0.005373875473303192,0.4593,0.007810889834071402,0.66543281062252,0.0031497229504816064,abtype5_w100_t0.651
PA1_L2,67.0,0.4888059701492537,0.05758854215140439,53.55,0.005155444145202637,0.5111940298507462,0.0575885421514044,0.6950479372781716,0.06522454220466989,0.5757862222934872,0.029478898093500353,0.5757862222934872,0.029478898093500353,0.6321508833762001,0.04168620512528506,0.12930199963084257,0.0524333055347431,0.24013676572609316,0.07794825724493834,0.4888059701492537,0.05758854215140439,0.6354170797858292,0.04309916531724331,abtype5_w100_t0.651
PA1_L2,134.0,0.47611940298507466,0.03838752581973638,99.85,0.02374129295349121,0.5238805970149254,0.03838752581973636,0.721676604383229,0.02919139699799832,0.5792462103080248,0.017636306511325955,0.5792462103080248,0.017636306511325955,0.6464429004861256,0.020025890619238047,0.14016979311218541,0.03342221415662777,0.26378521150948975,0.04158812742142235,0.47611940298507466,0.03838752581973638,0.650461407345627,0.02052571813710307,abtype5_w100_t0.651
PA1_L2,201.0,0.47288557213930354,0.03754406336747842,144.75,0.042385423183441163,0.5271144278606965,0.037544063367478404,0.7285072723801094,0.025174521650376785,0.5812342298144134,0.016898014745111684,0.5812342298144134,0.016898014745111684,0.650674531951324,0.019445895277864476,0.14515844601809408,0.03548200636806893,0.2717392883842868,0.04119116716341677,0.47288557213930354,0.03754406336747842,0.6548707510972613,0.019770884129267734,abtype5_w100_t0.651
PA1_L2,268.0,0.46753731343283567,0.031443071429525675,189.55,0.060822272300720216,0.5324626865671642,0.03144307142952568,0.7330294065054389,0.019922951586683477,0.5857014770918306,0.01410943149228504,0.5857014770918306,0.01410943149228504,0.6552070253687418,0.01562891058991077,0.1530664748711589,0.029200818532642097,0.2820908562966128,0.033541278366142784,0.46753731343283567,0.031443071429525675,0.6593654417986347,0.015844602003198156,abtype5_w100_t0.651
PA1_L2,335.0,0.4616417910447761,0.028354673778078647,232.5,0.07870203256607056,0.5383582089552239,0.028354673778078654,0.7376930894572407,0.01734854677516601,0.5883449958172154,0.012794211667224983,0.5883449958172154,0.012794211667224983,0.6587712829659041,0.013582855528078494,0.1589828848873069,0.026806063077360904,0.2893423937979322,0.02934616672974516,0.4616417910447761,0.028354673778078647,0.6630190426372282,0.013754845644879004,abtype5_w100_t0.651
PA1_L2,402.0,0.4614427860696518,0.02377542137622985,276.6,0.09748927354812623,0.5385572139303483,0.02377542137622984,0.7385549991141632,0.014005370130359848,0.5893819023783784,0.011148755058256552,0.5893819023783784,0.011148755058256552,0.6597439545255602,0.011284304578896181,0.16042663688597783,0.023085779560567173,0.29166442360058065,0.024814215121039727,0.4614427860696518,0.02377542137622985,0.6639684507462708,0.011373065545521685,abtype5_w100_t0.651
PA1_L2,469.0,0.462366737739872,0.022284000221313358,321.85,0.11588751077651978,0.5376332622601281,0.022284000221313358,0.7383054807096079,0.012452719890676677,0.5904490245871894,0.011372930526144213,0.5904490245871894,0.011372930526144213,0.6602354597112842,0.011055380964859989,0.16160680516410003,0.023480183814758183,0.29327358140894433,0.02477762474032945,0.462366737739872,0.022284000221313358,0.6643772526483986,0.011034936945880001,abtype5_w100_t0.651
PA1_L2,536.0,0.45914179104477626,0.019288735102358685,365.0,0.13368879556655883,0.5408582089552239,0.01928873510235867,0.7403534483151093,0.01020680718900788,0.5916659112515534,0.010717660197908603,0.5916659112515534,0.010717660197908603,0.6618375675682132,0.010038435845355314,0.16449623110304462,0.021910215347216794,0.2965683637090064,0.022965858768142566,0.45914179104477626,0.019288735102358685,0.6660096797833314,0.009933830323621575,abtype5_w100_t0.651
PA1_L2,603.0,0.45820895522388067,0.015540131033854232,409.95,0.1538366198539734,0.5417910447761194,0.01554013103385423,0.7412516080087656,0.008847603080700716,0.5919354617783021,0.008138840585888795,0.5919354617783021,0.008138840585888795,0.6623887654938919,0.007650595323038697,0.16507855583940953,0.01643276537049197,0.29765865272706155,0.017170321134180825,0.45820895522388067,0.015540131033854232,0.6665935348935339,0.007633995805584097,abtype5_w100_t0.651
PA1_L2,670.0,0.4565671641791044,0.014797210938154155,453.9,0.1726319670677185,0.5434328358208955,0.014797210938154177,0.7426334251097447,0.007805025354407817,0.5919519119844401,0.006705569212593632,0.5919519119844401,0.006705569212593632,0.6630203422773382,0.0067225101373804465,0.16577234413075542,0.014525633530355592,0.29862304420190994,0.014773927969154142,0.4565671641791044,0.014797210938154155,0.6672926685470923,0.006739141579711162,abtype5_w100_t0.651
PA1_L2,737.0,0.45915875169606507,0.012519856037364743,498.4,0.19257153272628785,0.5408412483039349,0.01251985603736475,0.7420511769559197,0.006582122706709558,0.5897873954845825,0.005523584395732011,0.5897873954845825,0.005523584395732011,0.661549473989946,0.00563007046045504,0.16168529894809625,0.011917903646461446,0.2947667417744274,0.012370932937313468,0.45915875169606507,0.012519856037364743,0.665919286220251,0.005652009315921548,abtype5_w100_t0.651
PA1_L2,804.0,0.4597014925373134,0.011723255390993214,543.6,0.2107239246368408,0.5402985074626867,0.01172325539099322,0.7421728673637491,0.006551621446832411,0.5891572664165158,0.0040922177084311215,0.5891572664165158,0.0040922177084311215,0.6612495600838741,0.004694314705558683,0.16055398982584784,0.009351420336392073,0.2938322443108263,0.009716678929594555,0.4597014925373134,0.011723255390993214,0.6656650668901325,0.0048122007343892135,abtype5_w100_t0.651
PA1_L2,871.0,0.4611366245694605,0.011037798158991408,589.65,0.22905943393707276,0.5388633754305396,0.011037798158991408,0.7416998823780475,0.0062919907035521964,0.588565440124968,0.0034984556752532753,0.588565440124968,0.0034984556752532753,0.660708009335,0.004426284368018036,0.15918749612608502,0.008473665699447129,0.2925893524029742,0.00891561693195282,0.4611366245694605,0.011037798158991408,0.6651326612515078,0.00456410176350001,abtype5_w100_t0.651
PA1_L2,938.0,0.4607142857142857,0.010894432243019203,635.2,0.24721344709396362,0.5392857142857144,0.010894432243019201,0.7420241228743162,0.006606154204557734,0.5888280513774466,0.002957474276776921,0.5888280513774466,0.002957474276776921,0.6610001142400045,0.004401263640760628,0.1597202565980003,0.007816083865125228,0.29323323708129184,0.008485797254176282,0.4607142857142857,0.010894432243019203,0.6654260871258815,0.00458790603259946,abtype5_w100_t0.651
PA1_L2,1000.0,0.46185,0.009451322658760508,677.2,0.26633362770080565,0.5381500000000001,0.009451322658760527,0.741638888888889,0.006005334562693116,0.5883307031954439,0.001840437149043845,0.5883307031954439,0.001840437149043845,0.6605499271475066,0.0037028895235488675,0.15857510795721325,0.005951186318261744,0.2921918182828228,0.006665413829033473,0.46185,0.009451322658760508,0.6649847960421663,0.00391881706431105,abtype5_w100_t0.651
PA2_L1,67.0,0.473134328358209,0.06693160395456317,67.0,0.004831850528717041,0.5268656716417911,0.06693160395456318,0.6724829630224051,0.07831560834020863,0.5743710499121014,0.044724585937766355,0.5743710499121014,0.044724585937766355,0.6211841932778609,0.05876186147808699,0.1346315077647065,0.08026371150975824,0.2244329928386557,0.11494711491385005,0.473134328358209,0.06693160395456317,0.6234270064672531,0.05972781752231477,abtype5_w100_t0.651
PA2_L1,134.0,0.45932835820895523,0.042378270364237136,134.0,0.024943768978118896,0.5406716417910449,0.04237827036423714,0.7173582474271607,0.032924143603671206,0.584292638590564,0.026897450897986563,0.584292638590564,0.026897450897986563,0.6472687965736921,0.026133306571799176,0.15236763646655507,0.045845112865471,0.26847770593130643,0.05636779491640598,0.45932835820895523,0.042378270364237136,0.6508254430088625,0.026423829915770032,abtype5_w100_t0.651
PA2_L1,201.0,0.46044776119402986,0.032183902330490996,200.6,0.042925024032592775,0.53955223880597,0.03218390233049099,0.7270028536982308,0.022669821679102878,0.5831129393702066,0.019193519265557474,0.5831129393702066,0.019193519265557474,0.6510259778005303,0.01850301477512777,0.15110093765250565,0.03457478947905517,0.27350017319410513,0.04092444787092134,0.46044776119402986,0.032183902330490996,0.6550578965342188,0.01862216924503143,abtype5_w100_t0.651
PA2_L1,268.0,0.4611940298507463,0.02340358474711451,266.9,0.05977085828781128,0.5388059701492538,0.023403584747114497,0.7311419703119629,0.01543832742760717,0.5856697355255264,0.014686142848715115,0.5856697355255264,0.014686142848715115,0.6543218699399524,0.012539709568873368,0.15449630707382464,0.025094187774805297,0.28062152432777737,0.02838245232758687,0.4611940298507463,0.02340358474711451,0.6584058529187446,0.01252281490591843,abtype5_w100_t0.651
PA2_L1,335.0,0.46313432835820906,0.019535141208501368,332.65,0.07721980810165405,0.536865671641791,0.019535141208501375,0.7327723278365518,0.012654209520323565,0.58565206942326,0.013530364903299974,0.58565206942326,0.013530364903299974,0.6550414344714454,0.010289341959087296,0.15375620994288114,0.022018942040538697,0.2816089020903407,0.024253607428362724,0.46313432835820906,0.019535141208501368,0.6592121986299059,0.010176470785204422,abtype5_w100_t0.651
PA2_L1,402.0,0.4629353233830845,0.016777680327280838,396.25,0.09459705352783203,0.5370646766169156,0.01677768032728084,0.7349693760399992,0.010554895096782823,0.5854133509319899,0.011463905196869118,0.5854133509319899,0.011463905196869118,0.6558998493423903,0.00835580553624723,0.15363035310447393,0.0190354400115008,0.282696930445882,0.020364650417278314,0.4629353233830845,0.016777680327280838,0.6601913634859946,0.008214622936987317,abtype5_w100_t0.651
PA2_L1,469.0,0.46204690831556505,0.013283085822748415,458.65,0.11253995895385742,0.5379530916844351,0.013283085822748434,0.736247600745806,0.008994795847762487,0.5871979791548276,0.009402731524784448,0.5871979791548276,0.009402731524784448,0.6574788611233189,0.006519482834013634,0.15651743333527404,0.01487079642243075,0.2865982521326439,0.015940765195044813,0.46204690831556505,0.013283085822748415,0.6617227899503166,0.006423084194790779,abtype5_w100_t0.651
PA2_L1,536.0,0.46194029850746265,0.010053875809930958,519.7,0.13095487356185914,0.5380597014925373,0.010053875809930949,0.7371571554245027,0.007526284699787094,0.587413444229728,0.007602708204967878,0.587413444229728,0.007602708204967878,0.658011473842872,0.0046511421702394775,0.15684794433888816,0.010810744630902583,0.28761235516564215,0.011868663658428865,0.46194029850746265,0.010053875809930958,0.6622852998271151,0.004578880462324138,abtype5_w100_t0.651
PA2_L1,603.0,0.46260364842454393,0.012481680510821264,579.7,0.15028417110443115,0.5373963515754561,0.01248168051082126,0.7374848366180219,0.008385038513536721,0.5876497380817203,0.0064112673831673225,0.5876497380817203,0.0064112673831673225,0.6582959674769086,0.004938458249639852,0.15707965628225323,0.010310560391079847,0.28830539964805435,0.011078077417207724,0.46260364842454393,0.012481680510821264,0.6625672873498709,0.005045032140024091,abtype5_w100_t0.651
PA2_L1,670.0,0.46283582089552244,0.012610836302470852,638.45,0.17044012546539306,0.5371641791044777,0.012610836302470849,0.7380612627660587,0.007396096707499758,0.5875238691743425,0.004893700604797931,0.5875238691743425,0.004893700604797931,0.6584917656092142,0.004429104271563875,0.1569517273129048,0.00929525298445059,0.28855531222014524,0.009468752182136471,0.46283582089552244,0.012610836302470852,0.6627925659702005,0.004568305365823585,abtype5_w100_t0.651
PA2_L1,737.0,0.4619402985074627,0.012230311414578247,693.8,0.1897857666015625,0.5380597014925372,0.012230311414578239,0.7390588396317054,0.00772191782890327,0.5874755219361958,0.00536233259718291,0.5874755219361958,0.00536233259718291,0.6589091423371967,0.004905358966330467,0.1572084076702629,0.009954675137714045,0.28906726302395847,0.010614891452579382,0.4619402985074627,0.012230311414578247,0.6632671807839505,0.005026637089193004,abtype5_w100_t0.651
PA2_L1,804.0,0.4640547263681592,0.011144861614103373,749.25,0.20899460315704346,0.5359452736318407,0.01114486161410337,0.7382961357380753,0.0067750323810409135,0.5871438157685851,0.003739032589587848,0.5871438157685851,0.003739032589587848,0.6583878221439263,0.003951029274230506,0.155992295358195,0.007495789513428766,0.2881265491610782,0.007983017862988408,0.4640547263681592,0.011144861614103373,0.6627199757533303,0.004127068543681802,abtype5_w100_t0.651
PA2_L1,871.0,0.4644661308840413,0.009985714268998363,804.45,0.2281569480895996,0.5355338691159588,0.00998571426899837,0.738612214910402,0.005807682867794214,0.5865444603266333,0.0029127487493110994,0.5865444603266333,0.0029127487493110994,0.658197164445901,0.003652850411182281,0.1550429851650626,0.006769393357555535,0.28737195424027545,0.007170205370705687,0.4644661308840413,0.009985714268998363,0.6625783376185177,0.0038114471172126267,abtype5_w100_t0.651
PA2_L1,938.0,0.46316631130063957,0.009254044535000505,858.8,0.24742175340652467,0.5368336886993604,0.009254044535000509,0.7394909725905389,0.005492936889447421,0.5871326392528663,0.0023349054522693634,0.5871326392528663,0.0023349054522693634,0.6589201816597188,0.003455248332772022,0.15636109719417252,0.005991680021029672,0.2888959205330898,0.0065499290530836776,0.46316631130063957,0.009254044535000505,0.6633118059217027,0.0036242356668137903,abtype5_w100_t0.651
PA2_L1,1000.0,0.4619999999999999,0.008087026647662279,907.55,0.2660895824432373,0.5380000000000001,0.008087026647662298,0.7402222222222221,0.00467591675833351,0.5877889949954176,0.0014108591866407402,0.5877889949954176,0.0014108591866407402,0.6596156245634456,0.002870804571581389,0.15772610461567135,0.004757591169314654,0.29043950134324414,0.005149405078103634,0.4619999999999999,0.008087026647662279,0.66400560860882,0.0030385008166553466,abtype5_w100_t0.651
PA2_L2,67.0,0.4895522388059702,0.04366787712933671,60.05,0.005513632297515869,0.5104477611940299,0.04366787712933668,0.6765191844283732,0.057210138342497954,0.5529776213699267,0.027644011538856022,0.5529776213699267,0.027644011538856022,0.61127348525702,0.03665441410594444,0.09434079249527842,0.047661236093785815,0.1894394109254685,0.07151487536498144,0.4895522388059702,0.04366787712933671,0.61474840289915,0.03819323295397897,abtype5_w100_t0.651
PA2_L2,134.0,0.466044776119403,0.0338278733695677,111.8,0.023496127128601073,0.533955223880597,0.0338278733695677,0.7191921783666626,0.027877153255867333,0.5753120273335868,0.022110097408000153,0.5753120273335868,0.022110097408000153,0.6431006458615308,0.020739133844349434,0.13657568708958287,0.03869578738711683,0.2547681041654071,0.04603271901585514,0.466044776119403,0.0338278733695677,0.6472521028501247,0.02099569291628311,abtype5_w100_t0.651
PA2_L2,201.0,0.46716417910447755,0.0285322407143078,161.2,0.040527284145355225,0.5328358208955224,0.028532240714307787,0.726526791493778,0.021050204486900325,0.5793969857911183,0.016954754826592096,0.5793969857911183,0.016954754826592096,0.6487235188102641,0.01582776749709383,0.14305476796620686,0.029380396685963983,0.2669994002427722,0.03513764400554237,0.46716417910447755,0.0285322407143078,0.6529618886424481,0.015977740822955274,abtype5_w100_t0.651
PA2_L2,268.0,0.46716417910447766,0.027231137747043194,208.25,0.057899725437164304,0.5328358208955224,0.027231137747043187,0.7302255174300905,0.019427071601139063,0.5832141090177106,0.014224202423214122,0.5832141090177106,0.014224202423214122,0.6525303293211385,0.013988802175846499,0.149082272041338,0.026393148160503203,0.2759789613433767,0.030371517599587703,0.46716417910447766,0.027231137747043194,0.6567198132239006,0.0142049685509601,abtype5_w100_t0.651
PA2_L2,335.0,0.46701492537313427,0.024587938478969274,254.65,0.07567254304885865,0.5329850746268656,0.02458793847896928,0.7326726381354607,0.016262650498591748,0.5841152647451092,0.010571375977921314,0.5841152647451092,0.010571375977921314,0.654152850869484,0.011232565240777457,0.15065399282405068,0.020754378133232984,0.2793537181195431,0.02354114912008233,0.46701492537313427,0.024587938478969274,0.6583939514402848,0.011510098223353946,abtype5_w100_t0.651
PA2_L2,402.0,0.45945273631840794,0.024901727595225222,300.4,0.09370455741882325,0.5405472636815921,0.024901727595225222,0.7384470162732006,0.01640495738607788,0.5851134156109757,0.009198324165214114,0.5851134156109757,0.009198324165214114,0.6572922795404825,0.010868718368187993,0.1548464754794509,0.01953817696986234,0.2846051191252593,0.022003216340063907,0.45945273631840794,0.024901727595225222,0.6617802159420882,0.011244548463330183,abtype5_w100_t0.651
PA2_L2,469.0,0.4638592750533048,0.020994013128736434,347.45,0.11281083822250366,0.5361407249466952,0.020994013128736444,0.7369496344296078,0.013314802154848695,0.585043310810857,0.008838843521709836,0.585043310810857,0.008838843521709836,0.6565976163040643,0.009623712887205389,0.15320739051502597,0.018309303363176783,0.28364641552341235,0.02027320456781859,0.4638592750533048,0.020994013128736434,0.6609964726202324,0.00983097436620982,abtype5_w100_t0.651
PA2_L2,536.0,0.46455223880597013,0.019226377653713808,394.65,0.13176074028015136,0.5354477611940297,0.019226377653713815,0.7374631564211369,0.011988086386258943,0.5848799394563922,0.008811722084527993,0.5848799394563922,0.008811722084527993,0.6567421267282632,0.009431397700629656,0.15281687872819116,0.01862520594604054,0.28372477659198475,0.020266931720612873,0.46455223880597013,0.019226377653713808,0.6611715479387645,0.009551081977574528,abtype5_w100_t0.651
PA2_L2,603.0,0.4656716417910447,0.015393434674457446,440.9,0.15125443935394287,0.5343283582089553,0.015393434674457446,0.7376365162027746,0.01019916575340214,0.5842773404630944,0.007115349044087083,0.5842773404630944,0.007115349044087083,0.6564815450543351,0.007544942577228129,0.15144528791789386,0.014573406921169357,0.28286110058716923,0.01617606455725738,0.4656716417910447,0.015393434674457446,0.6609569283329344,0.0076801310875440065,abtype5_w100_t0.651
PA2_L2,670.0,0.46358208955223884,0.014326803398228607,485.8,0.1708094596862793,0.5364179104477611,0.01432680339822861,0.7389962139715445,0.009367240371176032,0.5855673361057145,0.0057662650601644815,0.5855673361057145,0.0057662650601644815,0.6578138862516039,0.006544744320506806,0.15401728112891275,0.012306230802297246,0.2858955205880456,0.01358019321690131,0.46358208955223884,0.014326803398228607,0.6622817750386295,0.0067229353184010505,abtype5_w100_t0.651
PA2_L2,737.0,0.46275440976933513,0.010926451215732122,531.75,0.19180325269699097,0.5372455902306649,0.010926451215732127,0.7395811259499754,0.00785142406942802,0.5866565134036087,0.003801454673046446,0.5866565134036087,0.003801454673046446,0.6586870456406861,0.004701089931362807,0.15581495650384855,0.008195541347022092,0.28810365119166265,0.009159957885076526,0.46275440976933513,0.010926451215732122,0.6631188196767923,0.004933942198930176,abtype5_w100_t0.651
PA2_L2,804.0,0.4618781094527362,0.010497062957531866,578.0,0.21175863742828369,0.5381218905472638,0.010497062957531876,0.7402263043600101,0.00758004880110255,0.5872525433755535,0.0037058859621196443,0.5872525433755535,0.0037058859621196443,0.6593105037808958,0.00468916582102674,0.15698788414692647,0.007943581260854081,0.2894966560410605,0.009127176868017195,0.4618781094527362,0.010497062957531866,0.6637394238677818,0.00490632898963349,abtype5_w100_t0.651
PA2_L2,871.0,0.46222732491389207,0.009845633329285118,623.95,0.2306932806968689,0.537772675086108,0.009845633329285109,0.7403118215478295,0.006763150220893666,0.5873026396076902,0.0033457838884220926,0.5873026396076902,0.0033457838884220926,0.6593792376593024,0.004367447753896243,0.15695971881262233,0.007646442106886809,0.2896514095513666,0.008564651659597662,0.46222732491389207,0.009845633329285118,0.66380723057776,0.0045515911282439075,abtype5_w100_t0.651
PA2_L2,938.0,0.46215351812366745,0.009260336828669074,669.6,0.24950934648513795,0.5378464818763325,0.009260336828669079,0.7402596428360627,0.006272126085973984,0.5883337393160446,0.0026075323520480037,0.5883337393160446,0.0026075323520480037,0.6599359515572055,0.003953205249970619,0.15846144154663452,0.006722848430108771,0.2913450823832206,0.007458594019677277,0.46215351812366745,0.009260336828669074,0.6642966910760537,0.004149316224687584,abtype5_w100_t0.651
PA2_L2,1000.0,0.46180000000000004,0.008195120499419142,712.8,0.2682371258735657,0.5382,0.008195120499419159,0.7407777777777778,0.005611936132966415,0.5879892456063304,0.0017595306356794913,0.5879892456063304,0.0017595306356794913,0.6599750456374635,0.0034835679653793354,0.15809574694035405,0.005384625116973756,0.2911066787134024,0.006295973316374358,0.46180000000000004,0.008195120499419142,0.6643835116920542,0.003682681092695812,abtype5_w100_t0.651
OGD_1,67.0,0.5067164179104479,0.07227256519667008,40.05,0.0031014680862426758,0.4932835820895522,0.0722725651966701,0.529483746833739,0.1374528472145917,0.514902904074334,0.05089118326509988,0.514902904074334,0.05089118326509988,0.5200357770493438,0.0949842571323814,0.02687914409097711,0.09928560514613775,0.04211318196938478,0.1651970100985122,0.5067164179104479,0.07227256519667008,0.5221933254540365,0.09372325880007956,abtype5_w100_t0.651
OGD_1,134.0,0.5100746268656716,0.057577661676044875,80.9,0.020218658447265624,0.4899253731343284,0.05757766167604488,0.5464426203200154,0.13181963809000502,0.5183585294238318,0.047089859248889004,0.5183585294238318,0.047089859248889004,0.5302873889959022,0.08986394075573985,0.03139309452899662,0.09143890992232531,0.05786090920769384,0.15546956873592527,0.5100746268656716,0.057577661676044875,0.5324005748719234,0.08894938338117948,abtype5_w100_t0.651
OGD_1,201.0,0.49353233830845766,0.04295926994014508,119.2,0.036541306972503663,0.5064676616915423,0.04295926994014509,0.5633598662058426,0.1265677925133244,0.5254171735473894,0.0449118907384384,0.5254171735473894,0.0449118907384384,0.5423159694398625,0.08615227986074987,0.0443390620823068,0.08644436881528146,0.07990878516725547,0.14891544810878832,0.49353233830845766,0.04295926994014508,0.5443885198766159,0.08528809840327185,abtype5_w100_t0.651
OGD_1,268.0,0.49402985074626865,0.038351239276207746,159.05,0.05248438119888306,0.5059701492537314,0.03835123927620775,0.5626754980039431,0.12821728021131149,0.5226551801952299,0.04559799921329939,0.5226551801952299,0.04559799921329939,0.540548021047232,0.08739224973334415,0.039637751619565245,0.08996636587163422,0.07490264890689978,0.15181077127305345,0.49402985074626865,0.038351239276207746,0.5426653390995864,0.0866133038550179,abtype5_w100_t0.651
OGD_1,335.0,0.49492537313432833,0.03320820056160808,200.15,0.06852483749389648,0.5050746268656716,0.033208200561608066,0.5613429607265153,0.12846801530292787,0.5226048051851959,0.04500218956961784,0.5226048051851959,0.04500218956961784,0.5398202346818219,0.08754908296878783,0.038566067445162514,0.08881985007597952,0.07426712590181347,0.15123416607801868,0.49492537313432833,0.03320820056160808,0.5419738829558557,0.08652980145307726,abtype5_w100_t0.651
OGD_1,402.0,0.4936567164179104,0.02778368665650093,241.95,0.08436609506607055,0.5063432835820896,0.027783686656500918,0.5660337127977353,0.12494797045781857,0.5248914135896452,0.04402032213072801,0.5248914135896452,0.04402032213072801,0.543394977115827,0.08524509187113033,0.043075766336234264,0.08635432256324077,0.08092861200710817,0.14757917995148317,0.4936567164179104,0.02778368665650093,0.5454625631936901,0.08430149237718017,abtype5_w100_t0.651
OGD_1,469.0,0.4885927505330492,0.028417263806484034,280.75,0.10049935579299926,0.5114072494669508,0.02841726380648404,0.5730435486705289,0.12360344738303229,0.5265247274444257,0.04478497644081545,0.5265247274444257,0.04478497644081545,0.5478268995597266,0.08434135539269876,0.04714448796092211,0.08873713707362163,0.0878896079780641,0.1484923197419798,0.4885927505330492,0.028417263806484034,0.5497841380574773,0.08410686949664348,abtype5_w100_t0.651
OGD_1,536.0,0.4870335820895522,0.027122752926851502,322.0,0.11697922945022583,0.5129664179104478,0.027122752926851502,0.5771923315589764,0.12264446378887603,0.5275973278037531,0.045019352175156534,0.5275973278037531,0.045019352175156534,0.5504263127652638,0.08401254103694206,0.04926794521609647,0.08962354436278767,0.09222545340124874,0.14840511568967948,0.4870335820895522,0.027122752926851502,0.5523948296813648,0.08377441244401553,abtype5_w100_t0.651
OGD_1,603.0,0.48548922056384736,0.02730470156202474,362.45,0.13350461721420287,0.5145107794361525,0.02730470156202474,0.5802152616836957,0.12338488547152854,0.5285612108600474,0.044540323875739876,0.5285612108600474,0.044540323875739876,0.5523440094926824,0.08410835854542796,0.0516356056169236,0.08850172247945823,0.09565009837978422,0.14808982676431634,0.48548922056384736,0.02730470156202474,0.5543882362718715,0.08391267702657924,abtype5_w100_t0.651
OGD_1,670.0,0.4847014925373134,0.026014180378265837,404.95,0.15021815299987792,0.5152985074626867,0.026014180378265847,0.5856243557416104,0.12116903848184789,0.5307014435919826,0.04366716031709283,0.5307014435919826,0.04366716031709283,0.5561005012266533,0.0825762934728453,0.05584851972046836,0.08642218206914765,0.10246633890714203,0.1453117254621066,0.4847014925373134,0.026014180378265837,0.5581628996667966,0.08236898415647172,abtype5_w100_t0.651
OGD_1,737.0,0.4845318860244234,0.024715201659555725,447.55,0.16698858737945557,0.5154681139755766,0.024715201659555718,0.5862824678056229,0.11600310193182602,0.5309156957331135,0.042038597326118476,0.5309156957331135,0.042038597326118476,0.5566610727067287,0.07914645765380962,0.05637578566221032,0.08298592398559254,0.10325426688603394,0.13958895299042673,0.4845318860244234,0.024715201659555725,0.558599081769368,0.07899724361165951,abtype5_w100_t0.651
OGD_1,804.0,0.48376865671641794,0.022080092294435704,490.7,0.1846463918685913,0.5162313432835821,0.022080092294435697,0.5914394498288376,0.10847426402123711,0.5325896736354483,0.03953621639250244,0.5325896736354483,0.03953621639250244,0.5602203889995715,0.07369935370297982,0.059635121557004254,0.07718861237501691,0.10915085438078964,0.1309265443202595,0.48376865671641794,0.022080092294435704,0.5620145617321428,0.0739892715479429,abtype5_w100_t0.651
OGD_1,871.0,0.4811710677382319,0.0216529798982662,533.8,0.20380911827087403,0.5188289322617681,0.021652979898266186,0.5952224216810033,0.10759767735054104,0.5346463989675982,0.03990604580095048,0.5346463989675982,0.03990604580095048,0.5631336050618786,0.07352454162731327,0.06366206166711381,0.07799422007613692,0.11486366585643075,0.13103418811438725,0.4811710677382319,0.0216529798982662,0.5649344103243006,0.07374505870335327,abtype5_w100_t0.651
OGD_1,938.0,0.482089552238806,0.019456216958124512,579.15,0.2218782901763916,0.517910447761194,0.0194562169581245,0.5978711398372046,0.10345827005020958,0.5355395656758457,0.037746622291340896,0.5355395656758457,0.037746622291340896,0.5649340087932773,0.07026680523217839,0.06534251690803497,0.07343880168785515,0.11794903972877832,0.1249721802485516,0.482089552238806,0.019456216958124512,0.5667053527565251,0.07059893135994964,abtype5_w100_t0.651
OGD_1,1000.0,0.4801000000000001,0.017603692794411065,618.4,0.23976690769195558,0.5198999999999999,0.01760369279441108,0.6026111111111111,0.09981929660796374,0.5371724913430791,0.03621712872408238,0.5371724913430791,0.03621712872408238,0.5681147579123912,0.06757851244692203,0.0686144578925993,0.07027655921160308,0.12351996874996148,0.12025201212953933,0.4801000000000001,0.017603692794411065,0.5698918012270952,0.06801804109932814,abtype5_w100_t0.651
OGD_2,67.0,0.5186567164179104,0.07980191002068453,52.2,0.002782142162322998,0.48134328358208955,0.07980191002068454,0.5338181891511067,0.1347709176795429,0.5082496086105838,0.049222855248142,0.5082496086105838,0.049222855248142,0.519105258372871,0.08947289944289075,0.016812886958469813,0.10039581881558216,0.03163331090755801,0.15737348613402571,0.5186567164179104,0.07980191002068453,0.5210338988808452,0.09070785017104409,abtype5_w100_t0.651
OGD_2,134.0,0.5111940298507462,0.0585476179594315,105.25,0.01794462203979492,0.4888059701492538,0.0585476179594315,0.5191662998735755,0.12489257186671929,0.5052028782435579,0.04042689319407378,0.5052028782435579,0.04042689319407378,0.5103685615395953,0.08211684939377073,0.009815302202783288,0.08134166417971653,0.019722194825549266,0.14053348727764292,0.5111940298507462,0.0585476179594315,0.5121845890585666,0.08231397414646768,abtype5_w100_t0.651
OGD_2,201.0,0.5052238805970151,0.03940961173485037,158.45,0.03218721151351929,0.49477611940298505,0.03940961173485037,0.5340918530143755,0.10663808819689591,0.5097844359005885,0.0351110958638257,0.5097844359005885,0.0351110958638257,0.520548759683582,0.07068947470797238,0.017695167918030635,0.06928592173512228,0.036358154232192304,0.12164521758506727,0.5052238805970151,0.03940961173485037,0.5219381444574821,0.07070549656177717,abtype5_w100_t0.651
OGD_2,268.0,0.4972014925373135,0.032611918952143014,213.2,0.04789376258850098,0.5027985074626865,0.03261191895214302,0.5475469846892742,0.08992242450062182,0.5146406506040485,0.03161575787627643,0.5146406506040485,0.03161575787627643,0.530109487382104,0.05991621289591204,0.02752486410551046,0.06263367499665361,0.05270026700540405,0.1061673018972185,0.4972014925373135,0.032611918952143014,0.5310938176466614,0.06065840432542298,abtype5_w100_t0.651
OGD_2,335.0,0.4919402985074627,0.031230786029016265,267.6,0.06390290260314942,0.5080597014925373,0.031230786029016272,0.5570035005647523,0.0851484054477855,0.5197792719157582,0.031549414341630354,0.5197792719157582,0.031549414341630354,0.5374799571538456,0.057432105903216915,0.03783801993387474,0.06159567620966433,0.06705184548004736,0.10330106281645995,0.4919402985074627,0.031230786029016265,0.5383913862402553,0.05825412174388371,abtype5_w100_t0.651
OGD_2,402.0,0.4921641791044776,0.026852712463167273,322.25,0.07849136590957642,0.5078358208955225,0.026852712463167262,0.5666382058740302,0.08509779665518283,0.523136975411762,0.030441625887487417,0.523136975411762,0.030441625887487417,0.5438615570524855,0.05672218880159699,0.04390327544867369,0.05868911506911056,0.07843524595617668,0.10153201164264138,0.4921641791044776,0.026852712463167273,0.5448875906428963,0.057695608842574686,abtype5_w100_t0.651
OGD_2,469.0,0.48965884861407255,0.026177212905723328,375.55,0.09337800741195679,0.5103411513859275,0.026177212905723325,0.5690486718157322,0.08180498328697608,0.5240225176924047,0.02943263648596234,0.5240225176924047,0.02943263648596234,0.5455292476606498,0.0547034136279475,0.045940244322662874,0.05696414831230633,0.0814092202612611,0.09802374152805596,0.48965884861407255,0.026177212905723328,0.5465355947540685,0.0555854005647821,abtype5_w100_t0.651
OGD_2,536.0,0.48805970149253736,0.023712385650473917,430.2,0.10925537347793579,0.5119402985074627,0.023712385650473913,0.5724675791076065,0.07695754583540358,0.5257243471019946,0.028285086259508648,0.5257243471019946,0.028285086259508648,0.548132753515496,0.051752136761152374,0.049113297029866096,0.05463811317482556,0.08628284858436472,0.09318054606120058,0.48805970149253736,0.023712385650473917,0.5490959631048005,0.05257808410011108,abtype5_w100_t0.651
OGD_2,603.0,0.4875621890547264,0.02354074554988125,485.2,0.12500228881835937,0.5124378109452736,0.023540745549881247,0.5748905301857363,0.07604282756289744,0.526753249109911,0.02782606100172292,0.526753249109911,0.02782606100172292,0.5498436812762438,0.05103015485614212,0.051151157976016326,0.05356406368229588,0.08945743502106027,0.09186082355592058,0.4875621890547264,0.02354074554988125,0.5508218896478236,0.05188977034789021,abtype5_w100_t0.651
OGD_2,670.0,0.48805970149253736,0.022767921687407298,540.85,0.14014707803726195,0.5119402985074626,0.022767921687407305,0.5770225683621717,0.07484211717171134,0.5276136878572062,0.02760323099648387,0.5276136878572062,0.02760323099648387,0.5513376158936157,0.050297712094254265,0.052608250282553726,0.05275626359575086,0.09217592923877835,0.09079202495210051,0.48805970149253736,0.022767921687407298,0.5523181281096889,0.051184283246252245,abtype5_w100_t0.651
OGD_2,737.0,0.48738127544097704,0.022589040729071114,596.9,0.15535593032836914,0.512618724559023,0.022589040729071103,0.578158293370451,0.0769995194731011,0.5283874281962881,0.028062822168361624,0.5283874281962881,0.028062822168361624,0.5522481996631632,0.05167130303224382,0.054036002307336795,0.05348616021336756,0.0941754281357791,0.09290605983994772,0.48738127544097704,0.022589040729071114,0.5532728607833695,0.05251022689656746,abtype5_w100_t0.651
OGD_2,804.0,0.48644278606965174,0.022549514560532568,654.0,0.1709073781967163,0.5135572139303483,0.022549514560532568,0.5819649310281533,0.07441365385732199,0.5295167702745139,0.027095030516618587,0.5295167702745139,0.027095030516618587,0.5546961954587587,0.0498500363351579,0.05629778302254527,0.05128890300259405,0.09834917401262352,0.08975309956682383,0.48644278606965174,0.022549514560532568,0.5557408506513337,0.05073692426392685,abtype5_w100_t0.651
OGD_2,871.0,0.48541905855338685,0.021018800875856294,710.6,0.1873626232147217,0.5145809414466131,0.02101880087585628,0.5858882444322956,0.07310721023454175,0.5307405218726194,0.02642661419392747,0.5307405218726194,0.02642661419392747,0.557226530817543,0.0488078089629481,0.05856745924095854,0.050006592543987,0.10274883772368053,0.0878611358193927,0.48541905855338685,0.021018800875856294,0.5583143831524575,0.049751840753405635,abtype5_w100_t0.651
OGD_2,938.0,0.48571428571428577,0.019868933746223512,767.3,0.2036169171333313,0.5142857142857142,0.01986893374622351,0.585999633082166,0.07194522448176618,0.5308281155440631,0.026171137859199355,0.5308281155440631,0.026171137859199355,0.557345894070861,0.04809082522525678,0.05859384717903755,0.04942626822340583,0.10297476747033138,0.08677207180854578,0.48571428571428577,0.019868933746223512,0.5584138743131144,0.04905412348245301,abtype5_w100_t0.651
OGD_2,1000.0,0.48480000000000006,0.019760060728651628,819.8,0.22156078815460206,0.5151999999999999,0.01976006072865164,0.5900000000000001,0.07030247699480395,0.5325423027345413,0.025444657603670578,0.5325423027345413,0.025444657603670578,0.5601682374895316,0.046907361175210535,0.06185255445446092,0.04799208266255975,0.10823675691746901,0.08458852334156404,0.48480000000000006,0.019760060728651628,0.5612711513672706,0.047873430247148394,abtype5_w100_t0.651
Gaussian_Kernel_OGD,67.0,0.7992537313432836,0.10356477553261301,62.9,0.0062283635139465336,0.20074626865671644,0.10356477553261301,0.4827257587679969,0.05919277286289579,0.384426801161193,0.1740027394058646,0.384426801161193,0.1740027394058646,0.414224818558435,0.13970478546414214,-0.0042040387876959295,0.02617397262941508,-0.08540025851421998,0.150997303130639,0.7992537313432836,0.10356477553261301,0.4335762799645949,0.10587085753414724,abtype5_w100_t0.651
Gaussian_Kernel_OGD,134.0,0.833955223880597,0.05692591903877745,124.25,0.028257739543914796,0.166044776119403,0.05692591903877745,0.4990730821548956,0.03351780480063335,0.42126251663861947,0.1603242399698912,0.42126251663861947,0.1603242399698912,0.44475629503795,0.1253962336259474,0.0006418939635951304,0.015126097869689707,-0.041484138109651396,0.10833918142619477,0.833955223880597,0.05692591903877745,0.4601677993967576,0.09139268950135365,abtype5_w100_t0.651
Gaussian_Kernel_OGD,201.0,0.8425373134328359,0.05635906887923656,187.25,0.04909405708312988,0.1574626865671642,0.05635906887923657,0.5013834605060514,0.026197520615820997,0.41842710087873697,0.1593542736380972,0.41842710087873697,0.1593542736380972,0.4435178461021807,0.12484088383505464,0.000856282080471954,0.010955667244404662,-0.03562527083537019,0.09101110734229398,0.8425373134328359,0.05635906887923656,0.4599052806923942,0.08815028526984572,abtype5_w100_t0.651
Gaussian_Kernel_OGD,268.0,0.8533582089552239,0.04705192810625697,249.45,0.06817498207092285,0.1466417910447761,0.047051928106256954,0.5030768633622937,0.02279157683564924,0.4337350637587661,0.143338699242396,0.4337350637587661,0.143338699242396,0.455888426216075,0.11202737079021002,0.0017355735022187846,0.009286219321663297,-0.025292366376015517,0.08528773544144103,0.8533582089552239,0.04705192810625697,0.4684059635605299,0.07973403569214034,abtype5_w100_t0.651
Gaussian_Kernel_OGD,335.0,0.8601492537313431,0.04124672165429095,311.65,0.08822273015975952,0.13985074626865673,0.04124672165429095,0.502599985608951,0.018510763403681053,0.43357256402219313,0.1445731819012196,0.43357256402219313,0.1445731819012196,0.4548715407586458,0.11329334092221702,0.0015087694862391365,0.007513559034441427,-0.023083409550568486,0.07807724187674854,0.8601492537313431,0.04124672165429095,0.4680862748155721,0.07890488544724845,abtype5_w100_t0.651
Gaussian_Kernel_OGD,402.0,0.8661691542288559,0.03548243917788946,373.75,0.1087078332901001,0.1338308457711443,0.035482439177889444,0.5022946586972333,0.015894186487743767,0.4335757416642235,0.14333264911660076,0.4335757416642235,0.14333264911660076,0.4549980365569531,0.11068578513822389,0.0012850863132617073,0.0064743162234420495,-0.02063390480581989,0.07022582472951652,0.8661691542288559,0.03548243917788946,0.4679352001807285,0.07710451950813728,abtype5_w100_t0.651
Gaussian_Kernel_OGD,469.0,0.8689765458422174,0.03432421937994734,435.6,0.12907477617263793,0.1310234541577825,0.03432421937994734,0.5028616314887919,0.014547302525506494,0.4338932261832288,0.14291130953791975,0.4338932261832288,0.14291130953791975,0.4556022944737352,0.10925695624737325,0.0014522408447325496,0.005928749245374519,-0.017648665557438457,0.06496877813758319,0.8689765458422174,0.03432421937994734,0.46837742883601036,0.07628863221360238,abtype5_w100_t0.651
Gaussian_Kernel_OGD,536.0,0.8707089552238806,0.029083541072704507,497.4,0.14911372661590577,0.1292910447761194,0.029083541072704507,0.503274982104898,0.012403651587741288,0.4569634549267979,0.11259245841412072,0.4569634549267979,0.11259245841412072,0.47309284626087955,0.0840510329673996,0.0015349565934930753,0.005073134182694315,-0.009147519947662004,0.054452898176716974,0.8707089552238806,0.029083541072704507,0.48011921851584793,0.060492143528946614,abtype5_w100_t0.651
Gaussian_Kernel_OGD,603.0,0.871558872305141,0.030907563955002982,559.2,0.1700758934020996,0.128441127694859,0.030907563955002985,0.5035348666096248,0.01253066901821351,0.4567897426645728,0.1117390815647433,0.4567897426645728,0.1117390815647433,0.4731730518946061,0.0832713133286669,0.0015476262711149823,0.005136864376222347,-0.008221282044034838,0.050897805690462705,0.871558872305141,0.030907563955002982,0.48016230463709875,0.05974364622691853,abtype5_w100_t0.651
Gaussian_Kernel_OGD,670.0,0.8738059701492537,0.0273605946309821,620.95,0.19104654788970948,0.1261940298507463,0.027360594630982102,0.502289903787071,0.01203637725170679,0.45220370625475165,0.11220738959966749,0.45220370625475165,0.11220738959966749,0.47010939402359586,0.08308533165020192,0.0009971173395441069,0.004942155002436187,-0.011633904361209702,0.050014907020764145,0.8738059701492537,0.0273605946309821,0.47724680502091116,0.059734181616805646,abtype5_w100_t0.651
Gaussian_Kernel_OGD,737.0,0.8745590230664858,0.028206455476973036,682.15,0.2119555115699768,0.12544097693351425,0.028206455476973036,0.5021915344052028,0.01175393987659207,0.45044822943879426,0.11296047718028486,0.45044822943879426,0.11296047718028486,0.4691625925557261,0.0827655862040987,0.000967027689579203,0.004875716637041746,-0.012024618266082799,0.04930114522842096,0.8745590230664858,0.028206455476973036,0.47631988192199853,0.060006271568284475,abtype5_w100_t0.651
Gaussian_Kernel_OGD,804.0,0.8759328358208955,0.026387146430509125,743.55,0.23446251153945924,0.12406716417910446,0.026387146430509115,0.5018335618005891,0.011422775379710044,0.4501678426221029,0.11270720862553286,0.4501678426221029,0.11270720862553286,0.468907755846408,0.08206336486320429,0.0008563179404173394,0.004844403336386926,-0.011950763225817755,0.0478527720751878,0.8759328358208955,0.026387146430509125,0.4760007022113461,0.059649999208785685,abtype5_w100_t0.651
Gaussian_Kernel_OGD,871.0,0.878300803673938,0.02426824815727275,805.65,0.25549874305725095,0.121699196326062,0.024268248157272743,0.5016395778253464,0.010496622989008745,0.4498719663217825,0.1125535520067769,0.4498719663217825,0.1125535520067769,0.4686293209636859,0.0818523008028375,0.0007439508797015438,0.004418259957439028,-0.01175923880236516,0.0457339093337239,0.878300803673938,0.02426824815727275,0.47575577207356445,0.05928278390158443,abtype5_w100_t0.651
Gaussian_Kernel_OGD,938.0,0.8795309168443499,0.022514618424246128,867.9,0.2769580841064453,0.12046908315565033,0.02251461842424614,0.5014623720274646,0.009768906978387209,0.44936200778813334,0.11217246631476416,0.44936200778813334,0.11217246631476416,0.46830724458550826,0.08134256962731817,0.0006671519848856389,0.0040715871937682,-0.011750159598090634,0.04388997582145739,0.8795309168443499,0.022514618424246128,0.4754121899077989,0.05886084229659572,abtype5_w100_t0.651
Gaussian_Kernel_OGD,1000.0,0.8805499999999998,0.021615908493514677,924.65,0.29840056896209716,0.11944999999999999,0.02161590849351468,0.50125,0.00929103344462476,0.4487808957686301,0.11165213651557172,0.4487808957686301,0.11165213651557172,0.4679480908415002,0.08074625704279521,0.000584279710127783,0.003947329323793954,-0.01191621632914953,0.04216286571902633,0.8805499999999998,0.021615908493514677,0.47501544788431505,0.058396109416983616,abtype5_w100_t0.651
OGD,67.0,0.5208955223880597,0.05232402430733762,43.1,0.0022201299667358398,0.4791044776119403,0.05232402430733762,0.44957647272317985,0.1232881175411574,0.4806916796688485,0.0470810182414355,0.4806916796688485,0.0470810182414355,0.46276575779018403,0.08669887805640912,-0.04146744424507618,0.09764615692431171,-0.061571057662111774,0.14949270293818914,0.5208955223880597,0.05232402430733762,0.46513407619601405,0.08446734081646023,abtype5_w100_t0.651
OGD,134.0,0.5097014925373136,0.04564456323394933,85.05,0.01783885955810547,0.49029850746268655,0.04564456323394933,0.4776644891462972,0.12301135121827178,0.4927996048948781,0.042786231179832136,0.4927996048948781,0.042786231179832136,0.48322125663923543,0.08398764292886705,-0.016292267803958704,0.08564892417729178,-0.02501004126476473,0.1437815630899151,0.5097014925373136,0.04564456323394933,0.4852320470205876,0.0825986154929344,abtype5_w100_t0.651
OGD,201.0,0.505721393034826,0.04268978521773782,127.85,0.03363896608352661,0.494278606965174,0.04268978521773781,0.4891161547317965,0.12151475536404058,0.49497240390162156,0.04195105475657384,0.49497240390162156,0.04195105475657384,0.4902724882196859,0.08236019304634304,-0.011233597974800225,0.08472511016105176,-0.014777716965109971,0.14214695997267837,0.505721393034826,0.04268978521773782,0.4920442793167091,0.08159098783635313,abtype5_w100_t0.651
OGD,268.0,0.5026119402985076,0.036675517202086505,171.65,0.0493388295173645,0.49738805970149247,0.0366755172020865,0.5080406500200338,0.10517530823777033,0.5015404538565216,0.03684321815436253,0.5015404538565216,0.03684321815436253,0.5035694351084533,0.07112857168514666,0.002248519366462892,0.07374718033343601,0.0072676866129598675,0.12389823130234161,0.5026119402985076,0.036675517202086505,0.5047905519382777,0.07088069409312334,abtype5_w100_t0.651
OGD,335.0,0.4995522388059702,0.035799433869263465,214.6,0.06448700428009033,0.5004477611940298,0.03579943386926348,0.5213544112899073,0.10087506876310065,0.5069371103955993,0.03347660067070584,0.5069371103955993,0.03347660067070584,0.5129233841258273,0.0674944861322666,0.013176284148554717,0.06639243299042938,0.024275220870684882,0.11580710188095565,0.4995522388059702,0.035799433869263465,0.5141457608427534,0.06708291897069855,abtype5_w100_t0.651
OGD,402.0,0.4983830845771144,0.03178122342238743,260.9,0.07958621978759765,0.5016169154228856,0.03178122342238743,0.5350009791136763,0.09331470327061767,0.5120886098466082,0.033474673130827165,0.5120886098466082,0.033474673130827165,0.52257398276059,0.06318044967831675,0.022499745279950318,0.06564934184557218,0.041067926229200066,0.11151499555639553,0.4983830845771144,0.03178122342238743,0.5235447944801422,0.06333057244638067,abtype5_w100_t0.651
OGD,469.0,0.49818763326226023,0.029003158616792403,306.1,0.09457587003707886,0.5018123667377398,0.029003158616792403,0.5386957002337163,0.09058901975075102,0.5128419624196535,0.03208759063953308,0.5128419624196535,0.03208759063953308,0.5248360639625259,0.06091495024052442,0.02394927762020115,0.06302391925007211,0.04459098669577023,0.10765881010250139,0.49818763326226023,0.029003158616792403,0.5257688313266848,0.06130153803054106,abtype5_w100_t0.651
OGD,536.0,0.49608208955223876,0.02925537327862424,351.5,0.10972331762313843,0.5039179104477612,0.029255373278624246,0.5452384696315169,0.0883895629599286,0.5154756562629335,0.03143620905625904,0.5154756562629335,0.03143620905625904,0.5294366059481975,0.059372360098719545,0.02896820233467093,0.06142701247921547,0.05289622607825408,0.10529256822935189,0.49608208955223876,0.02925537327862424,0.5303570629472252,0.05988119048822055,abtype5_w100_t0.651
OGD,603.0,0.4972636815920398,0.027661945069647198,398.6,0.12512524127960206,0.5027363184079602,0.027661945069647195,0.5467107071384472,0.08458424517586255,0.5168006119902782,0.030689977131565363,0.5168006119902782,0.030689977131565363,0.5309011707044996,0.057235630441411424,0.031413279777111676,0.05898573921300632,0.05599740273517513,0.10183091092198046,0.4972636815920398,0.027661945069647198,0.5317556595643625,0.057618256788973095,abtype5_w100_t0.651
OGD,670.0,0.4969402985074627,0.026479290360573376,446.5,0.14105050563812255,0.5030597014925373,0.02647929036057339,0.5532234308525735,0.08127381406600827,0.5192431358660043,0.02946340666696402,0.5192431358660043,0.02946340666696402,0.5353895919924292,0.05482528752284731,0.03603686436476221,0.0560241413103666,0.06397017533360355,0.097805892939856,0.4969402985074627,0.026479290360573376,0.5362332833592891,0.05534943941889639,abtype5_w100_t0.651
OGD,737.0,0.49396200814111274,0.023976290784194474,492.4,0.15732803344726562,0.5060379918588873,0.023976290784194467,0.5572073657168302,0.07372481540406672,0.5207171418316389,0.02663807200385021,0.5207171418316389,0.02663807200385021,0.5381982661463898,0.04950037705237472,0.039222279723212114,0.0508698323671716,0.06882557669958668,0.0885701357132361,0.49396200814111274,0.023976290784194474,0.5389622537742345,0.050163242373903356,abtype5_w100_t0.651
OGD,804.0,0.4922263681592039,0.021052166204183532,540.0,0.17330561876296996,0.507773631840796,0.02105216620418352,0.5613766454387923,0.07122876023493516,0.522360743596111,0.025765801686296254,0.522360743596111,0.025765801686296254,0.5411008049964352,0.04778102981943842,0.04224796496145016,0.04898825045842405,0.07406796719768402,0.08562470484025937,0.4922263681592039,0.021052166204183532,0.5418686945174516,0.04848036942964724,abtype5_w100_t0.651
OGD,871.0,0.49006888633754303,0.020673155379469194,587.75,0.18931926488876344,0.5099311136624569,0.020673155379469198,0.5667931740803127,0.07068243087852129,0.524379189838233,0.025600327592881337,0.524379189838233,0.025600327592881337,0.5447750960330435,0.04733527303724148,0.04632190454920949,0.048776806945083157,0.08068182452755335,0.08501675528448391,0.49006888633754303,0.020673155379469194,0.5455861819592729,0.048123171680215515,abtype5_w100_t0.651
OGD,938.0,0.49019189765458426,0.020363868716074547,636.4,0.20598469972610473,0.5098081023454157,0.020363868716074544,0.5708627411817087,0.06684346297559321,0.5255932936632842,0.02414838602387077,0.5255932936632842,0.02414838602387077,0.5474126560469655,0.044655348675058465,0.048856339406779956,0.046055748160905276,0.08516451878281467,0.08033554451949373,0.49019189765458426,0.020363868716074547,0.5482280174224965,0.04549002277094887,abtype5_w100_t0.651
OGD,1000.0,0.4916999999999999,0.018944920163463348,683.9,0.22361854314804078,0.5083,0.01894492016346336,0.5703888888888888,0.06326436303030031,0.5254358834577002,0.022873278597726948,0.5254358834577002,0.022873278597726948,0.5471414908534791,0.0422614801115941,0.04844673047878719,0.043424152138425244,0.08462625546072365,0.07608039860489262,0.4916999999999999,0.018944920163463348,0.5479123861732945,0.043068766052212375,abtype5_w100_t0.651
PA,67.0,0.4522388059701493,0.04815601732806471,52.15,0.0034889936447143554,0.5477611940298507,0.04815601732806471,0.7149598022436796,0.053822771928786935,0.5849547100657806,0.032827168716807936,0.5849547100657806,0.032827168716807936,0.6463513449705001,0.03721208756736367,0.15482909719950572,0.0587783423224937,0.26672889219325785,0.07513904361661086,0.4522388059701493,0.04815601732806471,0.6499572561547301,0.03822926672188494,abtype5_w100_t0.651
PA,134.0,0.4429104477611941,0.03454466246196758,96.7,0.021546447277069093,0.557089552238806,0.03454466246196758,0.7363006884807013,0.02541551312283411,0.590193245436572,0.020654590636298053,0.590193245436572,0.020654590636298053,0.6591058226017406,0.019592702364735544,0.16699870386007704,0.037244676728844794,0.2903797124548054,0.043694304594521116,0.4429104477611941,0.03454466246196758,0.6632469669586367,0.019760397676763863,abtype5_w100_t0.651
PA,201.0,0.4477611940298508,0.0278784591564615,142.35,0.03896453380584717,0.5522388059701493,0.02787845915646148,0.7406709438559977,0.01884303404013189,0.5894852782810773,0.013471157989802378,0.5894852782810773,0.013471157989802378,0.6607276097614888,0.014212083994112326,0.16549198636060453,0.02790082455324547,0.29293280279001566,0.030491954771370577,0.4477611940298508,0.0278784591564615,0.6650781110685375,0.01443270926813052,abtype5_w100_t0.651
PA,268.0,0.4548507462686566,0.026644508411107763,188.15,0.05686582326889038,0.5451492537313433,0.026644508411107763,0.7401939597587825,0.018697215469518743,0.5861086051742346,0.01224937037847317,0.5861086051742346,0.01224937037847317,0.6586006226314944,0.012408537628558893,0.15779102564181904,0.024393691122467014,0.286950780765358,0.026251234233905355,0.4548507462686566,0.026644508411107763,0.6631512824665086,0.012738113960655967,abtype5_w100_t0.651
PA,335.0,0.45373134328358217,0.022218261571257784,233.1,0.07363342046737671,0.5462686567164179,0.02221826157125779,0.7422178520746818,0.014482537072093701,0.5876965161881443,0.00986440672391165,0.5876965161881443,0.00986440672391165,0.6604156427827726,0.009695473052946348,0.16060498680676397,0.020092660149420138,0.2910635645462022,0.020604819524060076,0.45373134328358217,0.022218261571257784,0.6649571841314131,0.009937371709734258,abtype5_w100_t0.651
PA,402.0,0.4512437810945274,0.01914615065163568,276.15,0.08981522321701049,0.5487562189054727,0.019146150651635684,0.7444854963648118,0.012433040450462875,0.5886273055319475,0.007473427291536809,0.5886273055319475,0.007473427291536809,0.6619575292700175,0.007703494793167962,0.16283666416193449,0.01546489934797153,0.2941243671901498,0.015928288943050435,0.4512437810945274,0.01914615065163568,0.6665564009483796,0.00799496596688057,abtype5_w100_t0.651
PA,469.0,0.4518123667377399,0.016583223330789567,320.25,0.1054803490638733,0.5481876332622602,0.01658322333078956,0.7447235153437871,0.010421792001498495,0.5892457693698572,0.006040849668132515,0.5892457693698572,0.006040849668132515,0.6624209345852525,0.0064872952937516356,0.16356415770888338,0.012936301254362365,0.2953993825105928,0.013227006206367456,0.4518123667377399,0.016583223330789567,0.6669846423568222,0.006743575352551933,abtype5_w100_t0.651
PA,536.0,0.4517723880597016,0.017030577950253777,363.4,0.12140659093856812,0.5482276119402985,0.017030577950253777,0.7455463127636021,0.009561653446378063,0.588677085095376,0.00632734502015836,0.588677085095376,0.00632734502015836,0.6624777497096904,0.007218881975452075,0.1629169789192853,0.014888183213200106,0.29502359646426196,0.01515936281308982,0.4517723880597016,0.017030577950253777,0.6671116989294891,0.00736821457085307,abtype5_w100_t0.651
PA,603.0,0.4529021558872305,0.0156178056931204,408.5,0.13744661808013917,0.5470978441127695,0.0156178056931204,0.7453225557129111,0.00890044281016894,0.5886508558934757,0.0064261585705465375,0.5886508558934757,0.0064261585705465375,0.662356907170284,0.006263845724598867,0.16233840090112367,0.013706989480932482,0.29477615639106214,0.013558295184928877,0.4529021558872305,0.0156178056931204,0.6669867058031933,0.006379835437665828,abtype5_w100_t0.651
PA,670.0,0.455820895522388,0.012165781416307366,454.55,0.154027259349823,0.544179104477612,0.012165781416307368,0.7442084397454135,0.006658859988955923,0.5877292065933839,0.004991966173941869,0.5877292065933839,0.004991966173941869,0.6613473855023575,0.004541210669548709,0.15988498451378644,0.010388830869409348,0.2926215164522522,0.010064941737826702,0.455820895522388,0.012165781416307366,0.6659688231693985,0.004614170824439004,abtype5_w100_t0.651
PA,737.0,0.45732700135685206,0.014748395669871623,498.6,0.17074851989746093,0.542672998643148,0.01474839566987162,0.7436701988084663,0.008010524817206073,0.5873607342134467,0.004969419388884476,0.5873607342134467,0.004969419388884476,0.6609015997274588,0.0054106050853622465,0.15883248479364714,0.01123623384569446,0.2917045268412237,0.011287145579239564,0.45732700135685206,0.014748395669871623,0.6655154665109566,0.005565833421779295,abtype5_w100_t0.651
PA,804.0,0.4580223880597015,0.013214991219102917,543.85,0.1876639246940613,0.5419776119402986,0.013214991219102929,0.7433207501488226,0.007106151875925045,0.5879022364153743,0.0056512497915427095,0.5879022364153743,0.0056512497915427095,0.661052004926868,0.005481550163177704,0.15936788316872352,0.011980672668356035,0.29238169637293243,0.012090200072221328,0.4580223880597015,0.013214991219102917,0.6656114932820986,0.005526582710955549,abtype5_w100_t0.651
PA,871.0,0.4594718714121699,0.01458862359440692,589.3,0.20482689142227173,0.5405281285878301,0.014588623594406916,0.7427522164563446,0.007881514915813851,0.5877089881980881,0.004207269674726995,0.5877089881980881,0.004207269674726995,0.6606935613821412,0.0054428337951426065,0.15862005847696337,0.01081141048356834,0.2917900590205925,0.010889357834533778,0.4594718714121699,0.01458862359440692,0.6652306023272163,0.0056286132321885386,abtype5_w100_t0.651
PA,938.0,0.457409381663113,0.013840708409871984,632.8,0.22144366502761842,0.5425906183368869,0.013840708409871989,0.7438319590799154,0.007558530904769828,0.5887548750668363,0.0037326844208453707,0.5887548750668363,0.0037326844208453707,0.6617634657225064,0.005254226630628327,0.16088985266718722,0.010212402873257037,0.29420003051816923,0.010326645137718356,0.457409381663113,0.013840708409871984,0.6662934170733757,0.005446626705822701,abtype5_w100_t0.651
PA,1000.0,0.45825000000000005,0.013571569548139963,674.85,0.23799750804901124,0.54175,0.013571569548139954,0.7431944444444445,0.007946338158136536,0.5887674893864034,0.0024280869463323487,0.5887674893864034,0.0024280869463323487,0.6614861875153153,0.004895712373603821,0.16056838001559795,0.008361176071042361,0.2938541829652093,0.008810708536845133,0.45825000000000005,0.013571569548139963,0.665980966915424,0.005183485308395904,abtype5_w100_t0.651
PA1,67.0,0.4843283582089552,0.05432405264224894,62.75,0.0041604161262512205,0.5156716417910447,0.05432405264224896,0.6861833521513807,0.06114459539954565,0.5721890564969837,0.03165751262181272,0.5721890564969837,0.03165751262181272,0.6262831894399751,0.04174537406090523,0.12725810728108083,0.056501066173243325,0.2291700141553393,0.08142190023380319,0.4843283582089552,0.05432405264224894,0.629186204324182,0.04311110416785807,abtype5_w100_t0.651
PA1,134.0,0.4593283582089553,0.04430567538660908,117.3,0.021992063522338866,0.5406716417910447,0.044305675386609074,0.7219475381415086,0.03559391727260037,0.5863909471557763,0.02617424360036161,0.5863909471557763,0.02617424360036161,0.6505501136331564,0.028411620690159713,0.15696039911736479,0.05189146416030948,0.27528241560424316,0.0602768879251376,0.4593283582089553,0.04430567538660908,0.6541692426486423,0.028767853918948337,abtype5_w100_t0.651
PA1,201.0,0.4664179104477613,0.03759018428928099,169.2,0.0397564172744751,0.5335820895522387,0.03759018428928096,0.7262905777241161,0.024819866409863424,0.5857592876590046,0.020540404026097553,0.5857592876590046,0.020540404026097553,0.6522014413630453,0.021070123350418853,0.15382735010599435,0.04127924998153348,0.2776007589834731,0.045615443675365144,0.4664179104477613,0.03759018428928099,0.6560249326915603,0.021191811578883033,abtype5_w100_t0.651
PA1,268.0,0.4699626865671642,0.02823211854013835,219.25,0.05602997541427612,0.5300373134328359,0.028232118540138358,0.7274357784496314,0.018846901918582924,0.5880572675939093,0.01432747546656615,0.5880572675939093,0.01432747546656615,0.6540064157559476,0.014826684337985343,0.15529801696181847,0.027701708173778188,0.2824847255601456,0.031514717382942016,0.4699626865671642,0.02823211854013835,0.6577465230217704,0.015009452452504268,abtype5_w100_t0.651
PA1,335.0,0.46731343283582083,0.021369360960999468,267.4,0.07258831262588501,0.5326865671641793,0.02136936096099948,0.7311101793564395,0.01440051059709179,0.5877928652562877,0.013557625959010413,0.5877928652562877,0.013557625959010413,0.6555142419768771,0.012452728284872391,0.15565196224761815,0.024963404731707117,0.2842990905230669,0.027998310794203517,0.46731343283582083,0.021369360960999468,0.6594515223063637,0.012414441144233186,abtype5_w100_t0.651
PA1,402.0,0.4644278606965174,0.01935029201700936,314.5,0.08937420845031738,0.5355721393034825,0.019350292017009347,0.7339274602433251,0.013205511660654812,0.5893072898878489,0.01167955415243912,0.5893072898878489,0.01167955415243912,0.6576286265818465,0.011013168731168458,0.1588733696237204,0.021452882925447676,0.2886524251713883,0.02443519433185273,0.4644278606965174,0.01935029201700936,0.661617375065587,0.011029428291409658,abtype5_w100_t0.651
PA1,469.0,0.46268656716417905,0.01986492912384155,360.3,0.10626379251480103,0.5373134328358209,0.019864929123841576,0.7362492640127074,0.012919392648506715,0.5892320045054239,0.00898106817837672,0.5892320045054239,0.00898106817837672,0.6586305750922098,0.009466187537847288,0.1594993500545565,0.01782712899353885,0.2901272800333957,0.019974908143662876,0.46268656716417905,0.01986492912384155,0.6627406342590656,0.00964361573688827,abtype5_w100_t0.651
PA1,536.0,0.46501865671641796,0.017549961698037523,408.0,0.12349697351455688,0.5349813432835822,0.01754996169803753,0.7352130653744825,0.011180141930897013,0.58939845950072,0.00729207652240637,0.58939845950072,0.00729207652240637,0.6582643436070328,0.00786191401403337,0.15885437725102242,0.01459748592028343,0.28983443643964646,0.01636987259431761,0.46501865671641796,0.017549961698037523,0.6623057624376012,0.008043400917565315,abtype5_w100_t0.651
PA1,603.0,0.46301824212271975,0.015330775786294618,454.2,0.140584135055542,0.5369817578772802,0.015330775786294625,0.737042714750591,0.009778467546974878,0.58961464348622,0.006615100202862344,0.58961464348622,0.006615100202862344,0.6592060971583041,0.006866783533199434,0.1598875547295449,0.013143011954680539,0.2913326684247522,0.01448740218234269,0.46301824212271975,0.015330775786294618,0.6633286791184055,0.007012230177358721,abtype5_w100_t0.651
PA1,670.0,0.46059701492537314,0.012946416980418778,499.6,0.15781238079071044,0.5394029850746268,0.012946416980418766,0.7389294257927319,0.008387736539378408,0.5899296540858954,0.006240758013269354,0.5899296540858954,0.006240758013269354,0.6602296862829279,0.006277836344804774,0.16124373679537568,0.012222666934012631,0.29303505610448644,0.013523891832190126,0.46059701492537314,0.012946416980418778,0.6644295399393136,0.006360814375816023,abtype5_w100_t0.651
PA1,737.0,0.4614654002713704,0.013224262336679098,546.2,0.1749839425086975,0.5385345997286296,0.013224262336679098,0.7389676629072881,0.008472967765518964,0.589483515845137,0.0057932181045406,0.589483515845137,0.0057932181045406,0.6599984692151013,0.006202506334326024,0.16030517421989418,0.011711815796877809,0.29235552951491195,0.01310300200804034,0.4614654002713704,0.013224262336679098,0.6642255893762126,0.0063194423817811,abtype5_w100_t0.651
PA1,804.0,0.4605099502487561,0.012719904253130476,592.1,0.19190853834152222,0.5394900497512438,0.012719904253130476,0.7402567199986383,0.008055595905675126,0.588530964603041,0.0052201683932189,0.588530964603041,0.0052201683932189,0.6600427146579172,0.0059464285813622935,0.15934472666609087,0.011078972043509078,0.291612005103813,0.012411688823017838,0.4605099502487561,0.012719904253130476,0.6643938423008395,0.006075158553848725,abtype5_w100_t0.651
PA1,871.0,0.4605051664753158,0.013294745876220494,637.9,0.21004258394241332,0.5394948335246843,0.013294745876220497,0.7408136044819336,0.008515273636680273,0.5880136186268744,0.004123753780429534,0.5880136186268744,0.004123753780429534,0.6600015071120067,0.005744394486186648,0.1586537817146916,0.010154860150462195,0.2911340773019423,0.01124511664959616,0.4605051664753158,0.013294745876220494,0.6644136115544039,0.005968951912513693,abtype5_w100_t0.651
PA1,938.0,0.46050106609808106,0.012278539063663442,685.55,0.22776427268981933,0.5394989339019189,0.012278539063663428,0.7409691874071763,0.007977024577456585,0.5883712872428093,0.0031852408784053725,0.5883712872428093,0.0031852408784053725,0.660272584055383,0.005148124095350163,0.15915659262312037,0.008624619997496606,0.29184038929777956,0.009684607480181396,0.46050106609808106,0.012278539063663442,0.6646702373249929,0.005398294876006785,abtype5_w100_t0.651
PA1,1000.0,0.45945,0.011808789099649457,727.15,0.24584195613861085,0.54055,0.011808789099649462,0.7418611111111112,0.007740535838152828,0.5882997386981732,0.002393029191025794,0.5882997386981732,0.002393029191025794,0.6606301851799538,0.004786438266167912,0.15944077461630907,0.0076318498674771106,0.29227458314704496,0.008629871166811182,0.45945,0.011808789099649457,0.665080424904642,0.005063348055295971,abtype5_w100_t0.651
PA2,67.0,0.4634328358208955,0.05731712519200725,57.75,0.0037964344024658202,0.5365671641791045,0.05731712519200724,0.7173059602954777,0.054522600162780675,0.5833473243900276,0.034840766244672666,0.5833473243900276,0.034840766244672666,0.646499554096745,0.038605150229109056,0.15053724808007818,0.06527134219410749,0.2647311531315318,0.08011848398869378,0.4634328358208955,0.05731712519200725,0.6503266423427527,0.03941328979309409,abtype5_w100_t0.651
PA2,134.0,0.4652985074626866,0.03348036001257483,108.3,0.019698965549468993,0.5347014925373135,0.033480360012574824,0.7297972954763708,0.027279399784858088,0.5833354531011029,0.021672954464751266,0.5833354531011029,0.021672954464751266,0.6523509633586982,0.02085745828422848,0.1500717034196965,0.03992167012531849,0.27487094574834214,0.04655875720919481,0.4652985074626866,0.03348036001257483,0.6565663742887369,0.02106084324473322,abtype5_w100_t0.651
PA2,201.0,0.46268656716417916,0.037627204778485655,155.75,0.0363675594329834,0.5373134328358209,0.037627204778485634,0.7358583882341292,0.02162417868060443,0.5854903394081632,0.016530909857192785,0.5854903394081632,0.016530909857192785,0.6563189073098515,0.016542324574636273,0.1547907507597154,0.0341519090465466,0.28301111709491655,0.036330134806011036,0.46268656716417916,0.037627204778485655,0.6606743638211461,0.016742418483369183,abtype5_w100_t0.651
PA2,268.0,0.46828358208955223,0.031274355623582474,204.15,0.05130027532577515,0.5317164179104477,0.03127435562358249,0.7346771641724521,0.01682617409493297,0.5848938388642326,0.01418028546292566,0.5848938388642326,0.01418028546292566,0.6554784555606401,0.01351983211432804,0.15176494442421135,0.02889053331490094,0.281533796369235,0.03059218342655295,0.46828358208955223,0.031274355623582474,0.6597855015183424,0.013578383576290464,abtype5_w100_t0.651
PA2,335.0,0.46731343283582094,0.025178799244361054,251.9,0.06658066511154175,0.532686567164179,0.02517879924436106,0.7366158472362898,0.014942651124833341,0.5844418375822162,0.010576796995056703,0.5844418375822162,0.010576796995056703,0.6560912507700696,0.010259300477609225,0.1511388320516704,0.02145342579867523,0.28218648441402205,0.022346111749938825,0.46731343283582094,0.025178799244361054,0.6605288424092529,0.010474706702881163,abtype5_w100_t0.651
PA2,402.0,0.46268656716417916,0.025356057076262702,296.8,0.08180036544799804,0.5373134328358209,0.025356057076262695,0.7395494341949455,0.01498189893628664,0.5864692155198854,0.009381700918471694,0.5864692155198854,0.009381700918471694,0.658544983019399,0.010133021557202462,0.1557653144890245,0.020166277504792246,0.28748857504538516,0.021206388950260734,0.46268656716417916,0.025356057076262702,0.6630093248574154,0.010426722383975554,abtype5_w100_t0.651
PA2,469.0,0.4640724946695096,0.019913787571621003,344.45,0.09813414812088013,0.5359275053304904,0.019913787571621017,0.7387319822436311,0.01216558689224468,0.586530499170227,0.00701285000892214,0.586530499170227,0.00701285000892214,0.6582253157225075,0.007825291025983627,0.15524645927787056,0.01532194489233394,0.287242406024217,0.015938729693654115,0.4640724946695096,0.019913787571621003,0.662631240706929,0.008110299751185603,abtype5_w100_t0.651
PA2,536.0,0.4625,0.017678654001556507,390.8,0.11461833715438843,0.5375,0.017678654001556503,0.7401154455047247,0.010089535064119333,0.5867212731041405,0.006699102279698106,0.5867212731041405,0.006699102279698106,0.6589569196544752,0.007160042688158905,0.1561048756935895,0.014649208855033482,0.288443706354562,0.015124276311814368,0.4625,0.017678654001556507,0.6634183593044325,0.007326325334798896,abtype5_w100_t0.651
PA2,603.0,0.46177446102819236,0.019527143122490275,437.35,0.13232957124710082,0.5382255389718076,0.019527143122490268,0.740448678994072,0.010634241800012835,0.5882699223056661,0.007508767225608809,0.5882699223056661,0.007508767225608809,0.6599746544269837,0.007946945825173897,0.1586398598812458,0.016648956658417487,0.2911970420306736,0.016907804380498274,0.46177446102819236,0.019527143122490275,0.6643593006498689,0.008085354436997913,abtype5_w100_t0.651
PA2,670.0,0.4600746268656716,0.018472975812666513,482.7,0.1499936819076538,0.5399253731343283,0.018472975812666503,0.741536618037499,0.010311596099514956,0.589103289999495,0.0063810486653926,0.589103289999495,0.0063810486653926,0.6609278587606221,0.0071983418629922675,0.16042676271760598,0.01477676744390173,0.2932735973123092,0.014852053441137205,0.4600746268656716,0.018472975812666513,0.6653199540184971,0.007392992242065564,abtype5_w100_t0.651
PA2,737.0,0.45915875169606507,0.01591859905135682,528.15,0.16672836542129515,0.5408412483039348,0.01591859905135681,0.7422337095640333,0.009092799598119039,0.5893478809204737,0.004320913162153616,0.5893478809204737,0.004320913162153616,0.6613793463885329,0.005774830987015535,0.16105651942978105,0.01098376379652383,0.294169638443198,0.011180199380574228,0.45915875169606507,0.01591859905135682,0.6657907952422535,0.006033211022711874,abtype5_w100_t0.651
PA2,804.0,0.46082089552238814,0.016266925980937073,574.7,0.18461103439331056,0.5391791044776119,0.01626692598093707,0.741415582962887,0.00892630906601886,0.5894239172932583,0.004110088907296313,0.5894239172932583,0.004110088907296313,0.6610593353582008,0.005799136164196442,0.16057136542984596,0.011091514973589112,0.2938169571547854,0.011175623200569177,0.46082089552238814,0.016266925980937073,0.6654197501280725,0.006053243114710863,abtype5_w100_t0.651
PA2,871.0,0.46010332950631455,0.016296933715302817,620.4,0.2023021936416626,0.5398966704936854,0.01629693371530282,0.7419807699401357,0.009203792895973024,0.589564640238234,0.004157129744866976,0.589564640238234,0.004157129744866976,0.6613902470535763,0.005996533501476072,0.1610436869825893,0.011233770913449103,0.29439477913010015,0.011530954457486146,0.46010332950631455,0.016296933715302817,0.6657727050891848,0.006260486557568204,abtype5_w100_t0.651
PA2,938.0,0.4597547974413646,0.01450784797468745,665.75,0.22052913904190063,0.5402452025586354,0.01450784797468745,0.7425153430455838,0.008193796421042057,0.5891188941517045,0.002896095167429557,0.5891188941517045,0.002896095167429557,0.6613793330241121,0.004975170121981343,0.16050298811758884,0.008932458788715032,0.2940037643694241,0.009100001026363184,0.4597547974413646,0.01450784797468745,0.6658171185986441,0.005259254556416493,abtype5_w100_t0.651
PA2,1000.0,0.4612,0.014586294937371853,709.2,0.23859254121780396,0.5388000000000001,0.014586294937371874,0.742,0.0081883687457301,0.5884718891508463,0.0023934138260824616,0.5884718891508463,0.0023934138260824616,0.6607880093529575,0.004986443426649689,0.1590671452872714,0.008653874293539528,0.29264249120454777,0.008900883701565573,0.4612,0.014586294937371853,0.6652359445754232,0.005287016124092133,abtype5_w100_t0.651
PA1_Csplit,67.0,0.48134328358208966,0.048564834040369986,57.7,0.004250931739807129,0.5186567164179104,0.04856483404036997,0.679127620109765,0.10575730419553578,0.5692450373851419,0.032933545172869665,0.5692450373851419,0.032933545172869665,0.6201178503363088,0.06732156989648116,0.12197308965415957,0.060601661769387694,0.22255223461083623,0.10019259551541637,0.48134328358208966,0.048564834040369986,0.6241863287474534,0.06566173723930187,abtype5_w100_t0.651
PA1_Csplit,134.0,0.47388059701492546,0.03613820899344254,106.15,0.02071021795272827,0.5261194029850744,0.03613820899344254,0.7214674227991857,0.027514765468144495,0.5793206528131204,0.015226363328001383,0.5793206528131204,0.015226363328001383,0.646347373221886,0.01592506277779984,0.14102933444002225,0.028608614138980297,0.2635160958014321,0.03251544264181693,0.47388059701492546,0.03613820899344254,0.6503940378061531,0.01661337360933306,abtype5_w100_t0.651
PA1_Csplit,201.0,0.4711442786069651,0.03577595301163543,152.6,0.037973427772521974,0.5288557213930349,0.03577595301163541,0.7289581310823158,0.019214165442215568,0.578898241454409,0.0171774259228918,0.578898241454409,0.0171774259228918,0.6495526428418168,0.016105161429278644,0.1424204290616407,0.03449273495221751,0.26749816935108695,0.03800042776305901,0.4711442786069651,0.03577595301163543,0.6539281862683624,0.01608657712963521,abtype5_w100_t0.651
PA1_Csplit,268.0,0.46716417910447766,0.02960721555951846,198.55,0.05485836267471313,0.5328358208955224,0.029607215559518476,0.7325215891189567,0.016016528587306754,0.5842959863666268,0.014794588822765438,0.5842959863666268,0.014794588822765438,0.6541801170480859,0.013505699163059217,0.15112436592733042,0.029439119489015474,0.2791242403640136,0.031474200129082544,0.46716417910447766,0.02960721555951846,0.658408787742792,0.01345937452171596,abtype5_w100_t0.651
PA1_Csplit,335.0,0.4607462686567165,0.023978809238424662,241.8,0.07075754404067994,0.5392537313432836,0.023978809238424662,0.7373829546163329,0.015107758197840406,0.5874626877368716,0.009963682482395418,0.5874626877368716,0.009963682482395418,0.6581340794302842,0.010434112129663763,0.15785182823791727,0.021222233178153194,0.2877952812766599,0.021907537114141395,0.4607462686567165,0.023978809238424662,0.662422821176602,0.010679991956990709,abtype5_w100_t0.651
PA1_Csplit,402.0,0.4615671641791044,0.022546084089583276,286.8,0.08687995672225952,0.5384328358208954,0.022546084089583265,0.7376803743788425,0.014985167138678899,0.5878388901267491,0.007065401972516373,0.5878388901267491,0.007065401972516373,0.6584829683266324,0.009124072328507591,0.15793497906773638,0.01567051124107102,0.2887647744824482,0.017568411861981166,0.4615671641791044,0.022546084089583276,0.6627596322527958,0.009568001321299561,abtype5_w100_t0.651
PA1_Csplit,469.0,0.461407249466951,0.02023228343586602,329.95,0.10249490737915039,0.5385927505330491,0.020232283435866038,0.7389815353137535,0.012778142166761966,0.5872204322517276,0.0070007570182391565,0.5872204322517276,0.0070007570182391565,0.658725395186887,0.008357349441602036,0.15721047094859442,0.015713445881165033,0.2885634056749991,0.016828309170026565,0.461407249466951,0.02023228343586602,0.6631009837827407,0.008662583877028987,abtype5_w100_t0.651
PA1_Csplit,536.0,0.45914179104477615,0.01779639525625147,374.4,0.1182936191558838,0.5408582089552239,0.01779639525625147,0.7406167343960397,0.011366531033688676,0.5885072067039236,0.0053928867689312454,0.5885072067039236,0.0053928867689312454,0.660182604456613,0.007240080976460275,0.15988852287235364,0.013116690948939226,0.2917672047418561,0.014070395724601928,0.45914179104477615,0.01779639525625147,0.6645619705499817,0.007561250881584823,abtype5_w100_t0.651
PA1_Csplit,603.0,0.4592868988391377,0.01596244964549148,419.4,0.13357771635055543,0.5407131011608624,0.015962449645491473,0.740711539052215,0.010095132348092731,0.5893938670146321,0.004594672917697023,0.5893938670146321,0.004594672917697023,0.6607195491591247,0.005765257801688643,0.16098331753198758,0.010501387355076828,0.2932643556659166,0.01092926879477735,0.4592868988391377,0.01596244964549148,0.6650527030334236,0.0060923662227964775,abtype5_w100_t0.651
PA1_Csplit,670.0,0.4581343283582089,0.015911280816028127,462.15,0.1490711212158203,0.5418656716417911,0.015911280816028127,0.7418645346498447,0.009325140777579823,0.589451667499745,0.003541257994826927,0.589451667499745,0.003541257994826927,0.6612700370368474,0.005221562150301183,0.16155104112768218,0.00982094098835258,0.29410707256472424,0.009483245448697433,0.4581343283582089,0.015911280816028127,0.665658101074795,0.00555828053823333,abtype5_w100_t0.651
PA1_Csplit,737.0,0.45841248303934873,0.014309965941163696,507.25,0.16443212032318116,0.5415875169606512,0.014309965941163707,0.7419141638568236,0.008366998168257317,0.5896677428498307,0.004260138673861782,0.5896677428498307,0.004260138673861782,0.6614166817755037,0.005327796826274874,0.16176517955271125,0.010322509403771605,0.2944955767275004,0.010497203169823093,0.45841248303934873,0.014309965941163696,0.6657909533533272,0.0055515619469443415,abtype5_w100_t0.651
PA1_Csplit,804.0,0.46001243781094525,0.012092693273754345,551.7,0.18040395975112916,0.5399875621890547,0.01209269327375435,0.7413796851932675,0.007296514238154137,0.5891163978907608,0.002879445325417918,0.5891163978907608,0.002879445325417918,0.660872079595382,0.004397741882730625,0.16036300950236954,0.007777243013928104,0.2933021356057654,0.008165413070317916,0.46001243781094525,0.012092693273754345,0.6652480415420141,0.004641189214680353,abtype5_w100_t0.651
PA1_Csplit,871.0,0.46107921928817464,0.011620280990934559,597.25,0.19803240299224853,0.5389207807118254,0.011620280990934545,0.7412115260326188,0.00674593906982311,0.5884146589783303,0.0031638793963721817,0.5884146589783303,0.0031638793963721817,0.6604041501426973,0.004268414945377907,0.15897299689392846,0.00795827867642041,0.2920391677677071,0.008258210158577809,0.46107921928817464,0.011620280990934559,0.6648130925054745,0.004466121580141428,abtype5_w100_t0.651
PA1_Csplit,938.0,0.46257995735607665,0.01078762728634402,642.85,0.21431915760040282,0.5374200426439233,0.010787627286344022,0.7409290834659112,0.006069979726347694,0.5872104336589479,0.002562908972548667,0.5872104336589479,0.002562908972548667,0.6596032920429227,0.003734727105523874,0.15670330183115688,0.006923303861619116,0.28988458142317153,0.0070497833335806245,0.46257995735607665,0.01078762728634402,0.6640697585624294,0.0039286910039749235,abtype5_w100_t0.651
PA1_Csplit,1000.0,0.4606499999999999,0.010475089498424336,681.95,0.23043376207351685,0.5393500000000001,0.010475089498424354,0.7418611111111111,0.0057447641217734,0.588361288679182,0.0017064765005907678,0.588361288679182,0.0017064765005907678,0.6606661497312191,0.0035099430853669116,0.159059970851618,0.006112800104984951,0.2923765584665538,0.006282744878772252,0.4606499999999999,0.010475089498424336,0.6651111998951468,0.0037201434961418177,abtype5_w100_t0.651
PA2_Csplit,67.0,0.46641791044776115,0.053163458390951504,62.95,0.004592621326446533,0.5335820895522387,0.053163458390951525,0.7084399620403484,0.04827585225007232,0.574490535368077,0.037802088868084324,0.574490535368077,0.037802088868084324,0.6376684836267248,0.03823398269821542,0.13609712767419113,0.0700443413495339,0.24298431497488665,0.08619372154879337,0.46641791044776115,0.053163458390951504,0.6414652487042126,0.038539961674247544,abtype5_w100_t0.651
PA2_Csplit,134.0,0.4615671641791044,0.03372894919518749,120.1,0.023523640632629395,0.5384328358208956,0.033728949195187485,0.7274831249254455,0.02595829266348031,0.5832186973367786,0.02011213735510742,0.5832186973367786,0.02011213735510742,0.6513192756918197,0.02137817192168807,0.15140611387705266,0.03919332999717885,0.27412647993473693,0.04632848976452374,0.4615671641791044,0.03372894919518749,0.655350911131112,0.021578116025494507,abtype5_w100_t0.651
PA2_Csplit,201.0,0.4703980099502488,0.03168005915189596,175.1,0.04271146059036255,0.5296019900497513,0.03168005915189595,0.7288095928698486,0.018982811896970826,0.5823579238728517,0.0128406964777416,0.5823579238728517,0.0128406964777416,0.6514420889495504,0.014000023117486493,0.14705585768596988,0.02630894071360142,0.273986148844153,0.029794972145060227,0.4703980099502488,0.03168005915189596,0.65558375837135,0.014271822180704738,abtype5_w100_t0.651
PA2_Csplit,268.0,0.46268656716417905,0.018619365596827833,228.9,0.06138678789138794,0.5373134328358209,0.018619365596827836,0.7345300288744061,0.013465069921284873,0.5890469151527908,0.009925409825908282,0.5890469151527908,0.009925409825908282,0.6577426620548594,0.009329207885812736,0.15903659253074554,0.017924283024514737,0.2885835844022558,0.020381393139606203,0.46268656716417905,0.018619365596827833,0.6617884720135985,0.0094791071660021,abtype5_w100_t0.651
PA2_Csplit,335.0,0.46223880597014927,0.01843208047277054,279.8,0.07861706018447875,0.5377611940298508,0.01843208047277055,0.7360715567073359,0.012551279337691016,0.5900421737987405,0.008730563324084993,0.5900421737987405,0.008730563324084993,0.6589924013957406,0.008236175090022701,0.16061441833972032,0.015715658177369085,0.2912476837829744,0.017395527834841773,0.46223880597014927,0.01843208047277054,0.6630568652530382,0.008439104244621756,abtype5_w100_t0.651
PA2_Csplit,402.0,0.4618159203980099,0.020547248623704023,331.25,0.09471645355224609,0.5381840796019901,0.020547248623704006,0.7372716551103424,0.011700628899312764,0.5910963567417148,0.008147849898143369,0.5910963567417148,0.008147849898143369,0.6601395910275926,0.009058695657600268,0.16266500977050255,0.018322680758441102,0.2938876526323456,0.018957382797007344,0.4618159203980099,0.020547248623704023,0.6641840059260284,0.009203163362068285,abtype5_w100_t0.651
PA2_Csplit,469.0,0.46066098081023454,0.020333986928511398,381.2,0.11105517148971558,0.5393390191897656,0.02033398692851141,0.7391147751158808,0.011716360998512894,0.5897508352517826,0.00791555961494411,0.5897508352517826,0.00791555961494411,0.6602104412338208,0.008852260111367142,0.16117348673819357,0.017559216914546615,0.29283049102365033,0.018542914670128103,0.46066098081023454,0.020333986928511398,0.6644328051838317,0.009016591685445758,abtype5_w100_t0.651
PA2_Csplit,536.0,0.4616604477611941,0.020253281418577417,432.55,0.12765135765075683,0.5383395522388059,0.02025328141857742,0.7393567110395429,0.011277321408158328,0.589079258351883,0.0075649217626550126,0.589079258351883,0.0075649217626550126,0.6599451554536627,0.008634867382434127,0.15989558133638876,0.017543809657386798,0.291907049517984,0.018083479331661566,0.4616604477611941,0.020253281418577417,0.664217984695713,0.008794008031576877,abtype5_w100_t0.651
PA2_Csplit,603.0,0.4611111111111111,0.01778002850780571,482.5,0.14525234699249268,0.5388888888888889,0.017780028507805717,0.740018534667363,0.009788181838142822,0.5894444943573234,0.006660537886771463,0.5894444943573234,0.006660537886771463,0.6604464262045356,0.0074648008570393195,0.16055004099428868,0.01537659312565873,0.29293182017877706,0.01567517878971177,0.4611111111111111,0.01778002850780571,0.6647315145123432,0.0075973610696764594,abtype5_w100_t0.651
PA2_Csplit,670.0,0.46268656716417905,0.01666703794047,533.6,0.1636983036994934,0.5373134328358209,0.016667037940470003,0.7397491241410158,0.00942809426466724,0.5884556940345617,0.005871649616269359,0.5884556940345617,0.005871649616269359,0.6597746847404786,0.007078222826391663,0.15856661847726017,0.014082851982857494,0.29118587081817127,0.014563506989074524,0.46268656716417905,0.01666703794047,0.6641024090877888,0.007239966169030153,abtype5_w100_t0.651
PA2_Csplit,737.0,0.4622116689280868,0.015731733224514967,584.45,0.18162597417831422,0.5377883310719133,0.01573173322451496,0.7406226152823506,0.008882189875113447,0.5877337563908822,0.005464876266568298,0.5877337563908822,0.005464876266568298,0.6597606169716101,0.006730358564507293,0.1577290509077587,0.013419602958158267,0.290540120317824,0.013826527832574024,0.4622116689280868,0.015731733224514967,0.6641781858366165,0.006886100856967329,abtype5_w100_t0.651
PA2_Csplit,804.0,0.4614427860696518,0.013562347834362172,634.7,0.2006956458091736,0.5385572139303483,0.013562347834362167,0.7412394441286777,0.007800373193234516,0.587933283454346,0.004445503291929886,0.587933283454346,0.004445503291929886,0.6601478625616004,0.005696895889323026,0.15823010024950193,0.01096450232557152,0.29125965151658484,0.01153171722186036,0.4614427860696518,0.013562347834362172,0.6645863637915117,0.005857431848179021,abtype5_w100_t0.651
PA2_Csplit,871.0,0.46176808266360514,0.010644617209184163,686.2,0.21889456510543823,0.5382319173363949,0.010644617209184169,0.7411393505006696,0.006299638898718934,0.5881898120453883,0.003348205979108732,0.5881898120453883,0.003348205979108732,0.6602471122205095,0.004293890506151849,0.15840069821522962,0.007970806858045914,0.29162823232097423,0.008567134061684304,0.46176808266360514,0.010644617209184163,0.6646645812730291,0.0044451877090322,abtype5_w100_t0.651
PA2_Csplit,938.0,0.46242004264392317,0.010520800134232603,737.05,0.23791961669921874,0.5375799573560769,0.010520800134232594,0.7411739165932484,0.006065623770362088,0.5875262583131299,0.0028802348394281908,0.5875262583131299,0.0028802348394281908,0.6598908715669474,0.004076654843193447,0.15722806177629434,0.0074175053612739435,0.29056314569050234,0.007939428321144224,0.46242004264392317,0.010520800134232603,0.6643500874531891,0.004241891618351975,abtype5_w100_t0.651
PA2_Csplit,1000.0,0.46195,0.00923837106853799,785.3,0.2567071557044983,0.53805,0.00923837106853801,0.741361111111111,0.005350305748734208,0.5882307289946084,0.0016122175606619832,0.5882307289946084,0.0016122175606619832,0.6603704759121711,0.0032819747960632253,0.1583869309388047,0.0054920079527069135,0.29185851227058,0.005888621560477526,0.46195,0.00923837106853799,0.6647959200528598,0.003475808281651596,abtype5_w100_t0.651
PA_L1,67.0,0.46492537313432836,0.0749656489240307,44.65,0.003664088249206543,0.5350746268656716,0.0749656489240307,0.6708319360463807,0.11172712853583737,0.5756681004386689,0.03932258275297578,0.5756681004386689,0.03932258275297578,0.6197590707890426,0.07349846663268862,0.1356755077806187,0.07261805856007353,0.22765356621548274,0.11483511009220926,0.46492537313432836,0.0749656489240307,0.6232500182425246,0.07190755338576589,abtype5_w100_t0.651
PA_L1,134.0,0.46044776119402975,0.04619035261326502,81.55,0.02178959846496582,0.5395522388059703,0.04619035261326502,0.7188182138069015,0.03663443753349524,0.5790951672149964,0.02436003731164396,0.5790951672149964,0.02436003731164396,0.6450378221620441,0.026655840253801705,0.14461707771831359,0.04443818217129837,0.26090255089624803,0.05692451360170362,0.46044776119402975,0.04619035261326502,0.6489566905109491,0.027275619453152287,abtype5_w100_t0.651
PA_L1,201.0,0.46144278606965183,0.03745825956809851,119.2,0.03880267143249512,0.5385572139303483,0.03745825956809849,0.7286981759538472,0.02736884636051925,0.5820331352648045,0.014916754661435019,0.5820331352648045,0.014916754661435019,0.6511431382073624,0.017179086469802138,0.1491849090525515,0.028736307845542826,0.2728601692784695,0.03485305395368131,0.46144278606965183,0.03745825956809851,0.6553656556093259,0.01791375302211822,abtype5_w100_t0.651
PA_L1,268.0,0.45914179104477604,0.029745032026777224,155.9,0.05734207630157471,0.5408582089552241,0.029745032026777224,0.7341124769369978,0.02002464832919404,0.5847760997038975,0.01155782080652654,0.5847760997038975,0.01155782080652654,0.6551501733036337,0.013144546019837536,0.1544265339994732,0.02382615566148426,0.2812045900681585,0.026924708395886916,0.45914179104477604,0.029745032026777224,0.6594442883204474,0.01360849998926559,abtype5_w100_t0.651
PA_L1,335.0,0.45955223880597024,0.02507240572962759,193.25,0.07425711154937745,0.5404477611940298,0.025072405729627587,0.7364673962924663,0.015655804869273197,0.5849151949557916,0.008192715240797606,0.5849151949557916,0.008192715240797606,0.6562990217822544,0.009824895363818078,0.15452738762897214,0.018659474096511048,0.2831115933592704,0.0195545762949724,0.45955223880597024,0.02507240572962759,0.6606912956241286,0.010248811756072451,abtype5_w100_t0.651
PA_L1,402.0,0.4615671641791044,0.02352653941783168,230.45,0.09118218421936035,0.5384328358208956,0.02352653941783168,0.7371062200425118,0.014895691134850373,0.5842016999676761,0.0069820273262342575,0.5842016999676761,0.0069820273262342575,0.6561820862416842,0.008608719887457395,0.15272506251967366,0.0159878342814079,0.2823211573698189,0.016585702618490534,0.4615671641791044,0.02352653941783168,0.660653960005094,0.009100788894126641,abtype5_w100_t0.651
PA_L1,469.0,0.46055437100213215,0.021449511880527572,267.55,0.10763759613037109,0.5394456289978679,0.021449511880527593,0.7381735649951243,0.01378770647910675,0.5864127134248578,0.00520003452707631,0.5864127134248578,0.00520003452707631,0.6579094725144035,0.00791356473087071,0.15632804321693508,0.013629564318463527,0.28678782748273635,0.01449756157046365,0.46055437100213215,0.021449511880527572,0.6622931392099911,0.008417419680557,abtype5_w100_t0.651
PA_L1,536.0,0.46175373134328357,0.01926706844558788,303.8,0.12434393167495728,0.5382462686567163,0.01926706844558788,0.7383903524341898,0.01227194649013817,0.5862164132139787,0.005940797360373602,0.5862164132139787,0.005940797360373602,0.657898032574601,0.00741992273694285,0.15560542316653136,0.013871303110924991,0.28656190260624015,0.014430895819942963,0.46175373134328357,0.01926706844558788,0.6623033828240843,0.007787150799342036,abtype5_w100_t0.651
PA_L1,603.0,0.4611940298507462,0.019381712197849576,340.85,0.14143348932266236,0.5388059701492537,0.01938171219784959,0.7390842742144528,0.011124657143368435,0.587362019371513,0.006685788179766138,0.587362019371513,0.006685788179766138,0.6588498358968703,0.00709739068376792,0.15745425318025436,0.014900379392673418,0.28883057053352224,0.014772650972393686,0.4611940298507462,0.019381712197849576,0.663223146792983,0.00733744872527156,abtype5_w100_t0.651
PA_L1,670.0,0.4595522388059702,0.018260875330401865,376.05,0.15902767181396485,0.5404477611940298,0.018260875330401848,0.7404545117677939,0.010361608304321097,0.5878774008165786,0.006627623574084914,0.5878774008165786,0.006627623574084914,0.6597549353002367,0.007097882106569829,0.1588452116508388,0.015026999316802467,0.29055451039699376,0.014902001640420002,0.4595522388059702,0.018260875330401865,0.6641659562921862,0.007284399182664497,abtype5_w100_t0.651
PA_L1,737.0,0.4612618724559024,0.014971404286243955,413.15,0.17636245489120483,0.5387381275440977,0.014971404286243955,0.7400095190164383,0.008759206746383068,0.5873158955517737,0.005930320955964944,0.5873158955517737,0.005930320955964944,0.6592450343809474,0.006100015648595371,0.15737569043578792,0.012921208957098545,0.28938834952797576,0.012979068088609248,0.4612618724559024,0.014971404286243955,0.6636627072841059,0.006237722886045855,abtype5_w100_t0.651
PA_L1,804.0,0.461504975124378,0.013593537309243954,451.15,0.1939927816390991,0.538495024875622,0.013593537309243968,0.7400039859666246,0.008347904813631707,0.5877886789584438,0.004663212811334954,0.5877886789584438,0.004663212811334954,0.6595119194417923,0.005594045566650117,0.1579489187207072,0.010832492000455987,0.29023527716308783,0.011278961225406555,0.461504975124378,0.013593537309243954,0.6638963324625343,0.005788628099318846,abtype5_w100_t0.651
PA_L1,871.0,0.4612514351320322,0.012897039000379437,487.5,0.2117070436477661,0.5387485648679677,0.012897039000379432,0.7404128079422156,0.0076911955930400915,0.5880173951992471,0.00353369417432182,0.5880173951992471,0.00353369417432182,0.6598242238111,0.004870225366675667,0.158371689433547,0.009155877034071403,0.2908922049957636,0.009392575895245813,0.4612514351320322,0.012897039000379437,0.6642151015707314,0.00509585453014003,abtype5_w100_t0.651
PA_L1,938.0,0.46210021321961614,0.011806645177792466,525.2,0.2297307848930359,0.5378997867803839,0.011806645177792457,0.7401281309846337,0.007081404847982828,0.5880318834076703,0.0023891462203505464,0.5880318834076703,0.0023891462203505464,0.6597071218781279,0.004252682749189258,0.15806216863735065,0.007276695413414455,0.2907696053968459,0.0077003676475995275,0.46210021321961614,0.011806645177792466,0.6640800071961519,0.004503348672764301,abtype5_w100_t0.651
PA_L1,1000.0,0.4606,0.011257886124845988,558.65,0.24752981662750245,0.5394,0.011257886124846007,0.7412222222222222,0.0066634251378627505,0.5881144238738105,0.0019902385960076296,0.5881144238738105,0.0019902385960076296,0.6602423894454263,0.004082369256717247,0.1587377285813656,0.006808697169680722,0.29158180941222656,0.007312350186030095,0.4606,0.011257886124845988,0.6646683230480164,0.0043231653209674665,abtype5_w100_t0.651
PA_L2,67.0,0.47089552238805965,0.06034633096878815,53.15,0.004996979236602783,0.5291044776119402,0.06034633096878815,0.704869737505637,0.05943757634954438,0.5844812815814591,0.03363224673343139,0.5844812815814591,0.03363224673343139,0.641622034246234,0.04302574897109936,0.14949655340232113,0.06211065841245794,0.2609390989365584,0.0856092757309805,0.47089552238805965,0.06034633096878815,0.644675509543548,0.04403895509001873,abtype5_w100_t0.651
PA_L2,134.0,0.46902985074626863,0.03229498628970129,99.95,0.023192787170410158,0.5309701492537313,0.03229498628970128,0.7236441907369097,0.022436268807749897,0.5879936627843222,0.020527113561874036,0.5879936627843222,0.020527113561874036,0.6522027399816468,0.018378640987781403,0.15441546831589237,0.03636152990892321,0.2789545717085199,0.041634046367775644,0.46902985074626863,0.03229498628970129,0.6558189267606158,0.018307983159417635,abtype5_w100_t0.651
PA_L2,201.0,0.4601990049751244,0.01838104796210067,144.6,0.041633212566375734,0.5398009950248758,0.018381047962100647,0.7330985280141247,0.013557441491538112,0.5905981908054826,0.014993069477524523,0.5905981908054826,0.014993069477524523,0.6579241848020254,0.010573088741804076,0.16112468621202383,0.022094489634082524,0.28952310471126086,0.02621119628985164,0.4601990049751244,0.01838104796210067,0.6618483594098036,0.010335787384727391,abtype5_w100_t0.651
PA_L2,268.0,0.4602611940298507,0.017231979975697063,189.3,0.05860263109207153,0.5397388059701493,0.017231979975697056,0.7359619129526169,0.01421350559048728,0.5909906694272946,0.012347664714352016,0.5909906694272946,0.012347664714352016,0.6594442879230719,0.009854046081736,0.16226071834035938,0.02003192805685384,0.29226686632016896,0.02303038179793684,0.4602611940298507,0.017231979975697063,0.6634762911899558,0.009861332877034364,abtype5_w100_t0.651
PA_L2,335.0,0.455223880597015,0.01949461715493217,232.85,0.07501609325408935,0.5447761194029851,0.01949461715493217,0.7402963977848772,0.014619362822592226,0.5927057034559237,0.008340459051216512,0.5927057034559237,0.008340459051216512,0.6623604339208249,0.008522962016011047,0.1670045675474361,0.01554761200475419,0.2981171387343666,0.01726007915602261,0.455223880597015,0.01949461715493217,0.6665010506204004,0.008880670121103811,abtype5_w100_t0.651
PA_L2,402.0,0.45621890547263677,0.017115440210716,277.6,0.091743803024292,0.5437810945273632,0.017115440210715985,0.7410146486180347,0.012373814887895256,0.5917549205291838,0.00573598183380913,0.5917549205291838,0.00573598183380913,0.662158930658446,0.006086061078505643,0.16530178449467395,0.01069407724754543,0.2971470768395517,0.011420805226628455,0.45621890547263677,0.017115440210716,0.6663847845736092,0.006535727866911894,abtype5_w100_t0.651
PA_L2,469.0,0.45863539445629,0.014878085308673355,322.25,0.11024372577667237,0.54136460554371,0.014878085308673364,0.7406388250575295,0.011178941702527092,0.5904290224517972,0.006550858678503312,0.5904290224517972,0.006550858678503312,0.6612491092417255,0.005669986376085308,0.1624786181285952,0.010992895352783314,0.29472219556402907,0.011544058956302493,0.45863539445629,0.014878085308673355,0.6655339237546635,0.005992369874380898,abtype5_w100_t0.651
PA_L2,536.0,0.45671641791044787,0.014362036756655027,365.55,0.12686318159103394,0.5432835820895523,0.014362036756655022,0.7422562714093114,0.010508951472627608,0.5906617665602285,0.00547940897938133,0.5906617665602285,0.00547940897938133,0.6621094344152052,0.005407185972220996,0.16361975324032768,0.010002649954468921,0.29617957719143195,0.01068388144212019,0.45671641791044787,0.014362036756655027,0.66645901898477,0.005743312747774721,abtype5_w100_t0.651
PA_L2,603.0,0.45655058043117747,0.013656190299197462,409.35,0.14354454278945922,0.5434494195688224,0.013656190299197459,0.7426503231840555,0.010216617880534821,0.5911105151285672,0.004578626039291869,0.5911105151285672,0.004578626039291869,0.6625433622325823,0.0054755145266454025,0.16441883354984643,0.009569134360958555,0.29723209116114846,0.010303385359712886,0.45655058043117747,0.013656190299197462,0.6668804191563114,0.005828573956152364,abtype5_w100_t0.651
PA_L2,670.0,0.45611940298507464,0.013852483164384605,452.4,0.16101572513580323,0.5438805970149254,0.013852483164384602,0.7431507993471305,0.009888743108149441,0.5912921362011266,0.004222491216296495,0.5912921362011266,0.004222491216296495,0.662872129716173,0.005503666529977946,0.16487467146136883,0.009516899220848855,0.2978717636681524,0.010273466387896543,0.45611940298507464,0.013852483164384605,0.6672214677741286,0.005845313094864879,abtype5_w100_t0.651
PA_L2,737.0,0.4556987788331073,0.011737162839230424,494.95,0.17888771295547484,0.5443012211668927,0.011737162839230418,0.7438166153034567,0.008515172488993254,0.5908826383432868,0.004576366078789405,0.5908826383432868,0.004576366078789405,0.6629415061760149,0.00500275574760473,0.16444665557460386,0.009277433708070564,0.29760467499309684,0.009940967394577812,0.4556987788331073,0.011737162839230424,0.6673496268233717,0.005237830009440418,abtype5_w100_t0.651
PA_L2,804.0,0.45833333333333337,0.011443462017673095,541.0,0.19670236110687256,0.5416666666666666,0.011443462017673106,0.7427146057795797,0.007891682428518206,0.5899283523799513,0.0048185759903038895,0.5899283523799513,0.0048185759903038895,0.6619178288304498,0.005108998187494229,0.16210580451585882,0.009670517814289965,0.2953785641307026,0.010528222898874137,0.45833333333333337,0.011443462017673095,0.6663214790797655,0.005275366010402623,abtype5_w100_t0.651
PA_L2,871.0,0.4584959816303099,0.009614484938289604,585.6,0.21444590091705323,0.54150401836969,0.009614484938289612,0.7429766754131198,0.007013200419656536,0.5894891584630227,0.0038506039677429042,0.5894891584630227,0.0038506039677429042,0.6617897101829263,0.004211016706306614,0.16141026430978483,0.00766787441452324,0.29483982434287526,0.008439365615214273,0.4584959816303099,0.009614484938289604,0.6662329169380711,0.004396821823171823,abtype5_w100_t0.651
PA_L2,938.0,0.45708955223880593,0.00987436479432833,628.1,0.2316238045692444,0.542910447761194,0.009874364794328329,0.7440866201826398,0.007101417448794127,0.589305831009401,0.002785935112704601,0.589305831009401,0.002785935112704601,0.6621833111319049,0.004124679596037433,0.16170906882065825,0.006817537538816459,0.29524925417343884,0.00761430361090151,0.45708955223880593,0.00987436479432833,0.6666962255960204,0.004373914482082243,abtype5_w100_t0.651
PA_L2,1000.0,0.45730000000000004,0.010378342834961661,668.9,0.24934709072113037,0.5427,0.010378342834961645,0.7441666666666668,0.006766611931907799,0.5890657403567221,0.002115223842635924,0.5890657403567221,0.002115223842635924,0.6620874278619724,0.004195190717645471,0.16132290715714753,0.006808937616750682,0.29493579742123865,0.007583428306556335,0.45730000000000004,0.010378342834961661,0.6666162035116943,0.004438688641749268,abtype5_w100_t0.651
PA_I_L1,67.0,0.45298507462686566,0.05708345494705412,41.85,0.0037076592445373533,0.5470149253731343,0.057083454947054135,0.7082305900765762,0.05492773248946347,0.5817345818289991,0.036203755957318985,0.5817345818289991,0.036203755957318985,0.6416770939461193,0.04222093664736965,0.15091067882081147,0.06956391128578661,0.25809705189257676,0.0870859893397448,0.45298507462686566,0.05708345494705412,0.6449825859527876,0.04297533071857236,abtype5_w100_t0.651
PA_I_L1,134.0,0.455223880597015,0.032357437893550445,78.85,0.02311514616012573,0.544776119402985,0.032357437893550445,0.7290188598686237,0.02505408277646206,0.5831114584927155,0.02463207922513194,0.5831114584927155,0.02463207922513194,0.6519131458412628,0.02282066193377451,0.1530325132704587,0.045837448678258945,0.2739161167785782,0.05249241443537402,0.455223880597015,0.032357437893550445,0.6560651591806697,0.022688156386306512,abtype5_w100_t0.651
PA_I_L1,201.0,0.45547263681592043,0.024295473710564328,116.0,0.04222339391708374,0.5445273631840797,0.024295473710564324,0.735381761017398,0.014816275904748316,0.5865933022312939,0.016193971994313695,0.5865933022312939,0.016193971994313695,0.6567274013043362,0.013150625408935015,0.1579756193504988,0.02891856966410561,0.284404866803146,0.031922085327747825,0.45547263681592043,0.024295473710564328,0.6609875316243459,0.012936119144708677,abtype5_w100_t0.651
PA_I_L1,268.0,0.4561567164179105,0.02394682397946537,153.05,0.05802261829376221,0.5438432835820894,0.023946823979465362,0.7370243310764629,0.01535823600101373,0.5893905258400757,0.014550496843365124,0.5893905258400757,0.014550496843365124,0.6590210407136479,0.011885205804955374,0.16160781258680962,0.02583720811592184,0.2901305459443835,0.028187113336425245,0.4561567164179105,0.02394682397946537,0.6632074284582694,0.011803142716353937,abtype5_w100_t0.651
PA_I_L1,335.0,0.44850746268656716,0.02089285697285809,188.35,0.07341892719268799,0.5514925373134328,0.020892856972858087,0.7431420085664624,0.010864039330174302,0.5918716374283807,0.012625765040120026,0.5918716374283807,0.012625765040120026,0.6631621414190585,0.009294183735838426,0.16832361950466862,0.02274262837151477,0.2982100052159199,0.022915746785604308,0.44850746268656716,0.02089285697285809,0.6675068229974215,0.009067768675008636,abtype5_w100_t0.651
PA_I_L1,402.0,0.44912935323383085,0.018066535855796116,224.85,0.08917161226272582,0.5508706467661691,0.018066535855796116,0.7439089235280292,0.009844020894759687,0.5924313042346607,0.009719385208021543,0.5924313042346607,0.009719385208021543,0.6638352394242413,0.007764641989010701,0.16907418697098403,0.018288876338809653,0.29989046706239986,0.018311507484223426,0.44912935323383085,0.018066535855796116,0.668170113881345,0.0076898168783005715,abtype5_w100_t0.651
PA_I_L1,469.0,0.4539445628997868,0.01817876986528251,262.95,0.10528199672698975,0.5460554371002131,0.01817876986528252,0.7421221305620527,0.009535602175302438,0.5916218927838824,0.008838796330429485,0.5916218927838824,0.008838796330429485,0.6625923521572626,0.007624914630419699,0.16619859911219684,0.017366108792344608,0.297580980166469,0.01745197389847327,0.4539445628997868,0.01817876986528251,0.6668720116729675,0.00760233237875077,abtype5_w100_t0.651
PA_I_L1,536.0,0.45680970149253736,0.019861080171258795,300.75,0.1216519832611084,0.5431902985074626,0.01986108017125878,0.7414439370628398,0.010515566222180273,0.590183945756076,0.007535417446218815,0.590183945756076,0.007535417446218815,0.6614860472822018,0.007423650054296962,0.16308720173110375,0.015720086045280267,0.29489943567084753,0.015942475335510586,0.45680970149253736,0.019861080171258795,0.6658139414094579,0.007558863043615426,abtype5_w100_t0.651
PA_I_L1,603.0,0.4557213930348259,0.01754745481447602,336.35,0.1394825577735901,0.5442786069651742,0.01754745481447601,0.7425233984840294,0.009113115293384152,0.5905752492956442,0.005483176616196567,0.5905752492956442,0.005483176616196567,0.6621926779685088,0.005920333939388665,0.16406037493081238,0.012406240582769984,0.29629694561913206,0.012148946195575976,0.4557213930348259,0.01754745481447602,0.6665493238898368,0.006115921417993403,abtype5_w100_t0.651
PA_I_L1,670.0,0.45440298507462684,0.016113010064518478,372.2,0.15721462965011596,0.545597014925373,0.01611301006451849,0.7436175782722522,0.008387775622140638,0.5908409910105163,0.005138278818656194,0.5908409910105163,0.005138278818656194,0.6628319923630284,0.0055650311636307095,0.1649303632757762,0.01171678383626105,0.2974241688649411,0.011428206186320925,0.45440298507462684,0.016113010064518478,0.6672292846413843,0.005738080564478584,abtype5_w100_t0.651
PA_I_L1,737.0,0.455427408412483,0.015801793803331313,409.1,0.17403755187988282,0.544572591587517,0.015801793803331313,0.7436272560524539,0.007843651317397348,0.589983571352172,0.004879038122521176,0.589983571352172,0.004879038122521176,0.6623579013109859,0.005425452752093725,0.16334833239212854,0.011538605019365631,0.29604485254677326,0.011202247004211364,0.455427408412483,0.015801793803331313,0.6668054137023132,0.00557784122717337,abtype5_w100_t0.651
PA_I_L1,804.0,0.45690298507462684,0.01571932156987266,446.6,0.1914895534515381,0.5430970149253731,0.01571932156987266,0.7432036199659553,0.008116152747727118,0.589412019508319,0.004933567292988786,0.589412019508319,0.004933567292988786,0.6618459582420881,0.0053143339642628355,0.16195363740218824,0.011288985836265924,0.2948264169890792,0.010925348704723488,0.45690298507462684,0.01571932156987266,0.666307819737137,0.005489719832296856,abtype5_w100_t0.651
PA_I_L1,871.0,0.4580941446613089,0.014517976091587675,484.6,0.20845361948013305,0.5419058553386912,0.014517976091587668,0.7426986500768529,0.0076984271239377315,0.5893667258632271,0.0030115708549945373,0.5893667258632271,0.0030115708549945373,0.6615976571989626,0.004330104140984519,0.1614174873123783,0.008290289447374137,0.2944950867380422,0.007920306755669916,0.4580941446613089,0.014517976091587675,0.6660326879700401,0.004610085888188228,abtype5_w100_t0.651
PA_I_L1,938.0,0.4584754797441364,0.014080871545662085,521.1,0.22581870555877687,0.5415245202558636,0.014080871545662082,0.7427932382466533,0.0074045293952510124,0.5890316526544421,0.002638564558085389,0.5890316526544421,0.002638564558085389,0.6614556558828711,0.004581028555711899,0.1608490763462346,0.008522611809893249,0.2940368501036364,0.00841611948648349,0.4584754797441364,0.014080871545662085,0.6659124454505477,0.0048340643532478154,abtype5_w100_t0.651
PA_I_L1,1000.0,0.4577,0.01158921912813801,554.05,0.24308582544326782,0.5423,0.01158921912813801,0.7435,0.006302801650216764,0.58884407595173,0.0018766687998593636,0.58884407595173,0.0018766687998593636,0.6616664356702776,0.0038525915280600022,0.16085245920012473,0.00682722932333888,0.29416571549793724,0.006902038720073782,0.4577,0.01158921912813801,0.666172037975865,0.004084585731355874,abtype5_w100_t0.651
PA_I_L2,67.0,0.5029850746268656,0.04379522612274988,54.35,0.0044585466384887695,0.49701492537313435,0.04379522612274989,0.6773772246718022,0.0534117340540276,0.5647043593723534,0.030968712196257867,0.5647043593723534,0.030968712196257867,0.6182577311163626,0.03855616610712209,0.11048011999555012,0.05250547758140144,0.21147966561092404,0.07765296558992947,0.5029850746268656,0.04379522612274988,0.6210407920220777,0.03947952351027185,abtype5_w100_t0.651
PA_I_L2,134.0,0.49738805970149247,0.03186095249756553,102.55,0.023165035247802734,0.5026119402985075,0.03186095249756553,0.707863314325884,0.024217161014780712,0.5707385022992836,0.01609513987060457,0.5707385022992836,0.01609513987060457,0.6354797910696256,0.015122345037088154,0.12162819423388589,0.028997363062423762,0.240685751753623,0.03346246197936476,0.49738805970149247,0.03186095249756553,0.6393009083125839,0.015510714585223875,abtype5_w100_t0.651
PA_I_L2,201.0,0.4813432835820895,0.0276500118511266,148.05,0.042189395427703856,0.5186567164179104,0.02765001185112659,0.7205120656785975,0.015767581331497544,0.5820183317848431,0.012650170590001512,0.5820183317848431,0.012650170590001512,0.6475014058813454,0.010360158041492661,0.1423094101675195,0.022900457553973578,0.26802160794907004,0.023774707513821814,0.4813432835820895,0.0276500118511266,0.6512651987317203,0.010452146056088492,abtype5_w100_t0.651
PA_I_L2,268.0,0.4822761194029851,0.025027134973129535,194.9,0.06039021015167236,0.5177238805970149,0.02502713497312953,0.7233246562110388,0.015034573710060886,0.5819423216358814,0.010401900257152139,0.5819423216358814,0.010401900257152139,0.6487358031567756,0.009131164055230566,0.14205620492140109,0.019451795098432107,0.26987370489453644,0.020007736766998928,0.4822761194029851,0.025027134973129535,0.6526334889234601,0.009365086501044886,abtype5_w100_t0.651
PA_I_L2,335.0,0.47731343283582095,0.021273762152354433,238.85,0.07783682346343994,0.522686567164179,0.021273762152354426,0.728185433864323,0.012217468217443676,0.5823946595555552,0.01025713275185565,0.5823946595555552,0.01025713275185565,0.6511919323463105,0.009215227126432303,0.14469899104350153,0.019883859592170882,0.2737761476790711,0.02073274651137863,0.47731343283582095,0.021273762152354433,0.655290046709939,0.009267765808261282,abtype5_w100_t0.651
PA_I_L2,402.0,0.4691542288557214,0.017927714175848014,282.7,0.09507665634155274,0.5308457711442787,0.01792771417584801,0.7333546331617946,0.010828662554049663,0.5851480701333874,0.010361016725073318,0.5851480701333874,0.010361016725073318,0.6550389158904404,0.008284037537794145,0.1512137160570652,0.018430354962501474,0.2814207238067289,0.01937514018367533,0.4691542288557214,0.017927714175848014,0.6592513516475911,0.008242074708227944,abtype5_w100_t0.651
PA_I_L2,469.0,0.4687633262260128,0.017740525553815795,327.8,0.11194024085998536,0.5312366737739871,0.017740525553815816,0.7340707583907718,0.010387325227106278,0.5866429002897582,0.008652572106365511,0.5866429002897582,0.008652572106365511,0.6562062860550193,0.007681369362863335,0.15355197433623585,0.01618722393506679,0.28450437395564754,0.017108974624078517,0.4687633262260128,0.017740525553815795,0.6603568293402651,0.007735513488470348,abtype5_w100_t0.651
PA_I_L2,536.0,0.46949626865671634,0.014998363967362668,372.55,0.12840547561645507,0.5305037313432837,0.014998363967362658,0.7345704157173907,0.009393379213256586,0.5860498100388764,0.007311859496185076,0.5860498100388764,0.007311859496185076,0.6560991715025136,0.006306252821363731,0.15241314087339794,0.01311251957713716,0.28387763203470395,0.014021597682204078,0.46949626865671634,0.014998363967362668,0.6603101128781337,0.0063987698327236855,abtype5_w100_t0.651
PA_I_L2,603.0,0.4664179104477612,0.015511567645051006,416.6,0.14598639011383058,0.5335820895522387,0.015511567645051011,0.7363050769210376,0.008477894837377119,0.5882926606041653,0.006307665892938016,0.5882926606041653,0.006307665892938016,0.658138215977748,0.006045934918345795,0.1567970509253606,0.012727245846339596,0.2887277367896314,0.013064363573105559,0.4664179104477612,0.015511567645051006,0.6622988687626015,0.006140953351198569,abtype5_w100_t0.651
PA_I_L2,670.0,0.4656716417910447,0.013054369913832763,461.05,0.1636252760887146,0.5343283582089553,0.013054369913832757,0.7371219720892587,0.0072285287031232815,0.5884564119477369,0.0055489817029889385,0.5884564119477369,0.0055489817029889385,0.6585982922466401,0.005260462959693933,0.1572856940299277,0.010934518943729182,0.28953208535780817,0.01148632044357326,0.4656716417910447,0.013054369913832763,0.6627891920184978,0.005326986476056448,abtype5_w100_t0.651
PA_I_L2,737.0,0.46621438263229303,0.012702338929138069,505.6,0.18277990818023682,0.5337856173677069,0.012702338929138073,0.7371320572656346,0.007693671036532449,0.5874558934159028,0.0047682376718343475,0.5874558934159028,0.0047682376718343475,0.6580434822644972,0.005148662836046542,0.15566756345165833,0.009558787044736337,0.28792639074531345,0.010650129973012118,0.46621438263229303,0.012702338929138069,0.6622939753407687,0.005297468525431282,abtype5_w100_t0.651
PA_I_L2,804.0,0.4666666666666666,0.011894865886572363,549.95,0.20158008337020875,0.5333333333333333,0.011894865886572374,0.7371686839680088,0.0070841499277077905,0.5875512790688321,0.0031496572894244832,0.5875512790688321,0.0031496572894244832,0.6581157149503659,0.00425714668023109,0.1556376238462006,0.007093418364828045,0.2881534075335598,0.00808442348405955,0.4666666666666666,0.011894865886572363,0.6623599815184205,0.004475889197500095,abtype5_w100_t0.651
PA_I_L2,871.0,0.46664753157290473,0.010544304825543274,595.1,0.22247097492218018,0.5333524684270952,0.010544304825543267,0.7373337544401111,0.00651012228874982,0.5871329101240266,0.0032444668225382616,0.5871329101240266,0.0032444668225382616,0.6579563687992086,0.0041427725811407,0.15506282780210462,0.006994129399049715,0.28756874893806744,0.00811595578575493,0.46664753157290473,0.010544304825543274,0.6622333322820688,0.004317809606208,abtype5_w100_t0.651
PA_I_L2,938.0,0.465724946695096,0.010967216833064036,638.75,0.24330087900161743,0.534275053304904,0.010967216833064038,0.7381535332541291,0.006707596227118187,0.5872544202674309,0.002684979470057337,0.5872544202674309,0.002684979470057337,0.6583911032982497,0.004163601053345821,0.15560315729589252,0.006954788356689879,0.2882846289657318,0.007796637931948502,0.465724946695096,0.010967216833064036,0.6627039767607801,0.004379253215950714,abtype5_w100_t0.651
PA_I_L2,1000.0,0.46455,0.01162099393339484,678.4,0.26294890642166135,0.53545,0.011620993933394864,0.7390277777777778,0.0066455104124495306,0.5874907109330458,0.002010458603560051,0.5874907109330458,0.002010458603560051,0.6589146648071458,0.004080546563262838,0.15639545546571057,0.006850882192513387,0.2892232716404087,0.007325786827690784,0.46455,0.01162099393339484,0.6632592443554117,0.004320542121774185,abtype5_w100_t0.651
PA_II_L1,67.0,0.48731343283582085,0.08958643625655324,44.5,0.0036530256271362304,0.5126865671641792,0.08958643625655321,0.6868188319114552,0.057204496704442394,0.5742949843413927,0.0315088139195769,0.5742949843413927,0.0315088139195769,0.6278942126430749,0.04217089146637176,0.13321359524768003,0.06985967765078345,0.23411110698553866,0.08415736753993625,0.48731343283582085,0.08958643625655324,0.6305569081264238,0.04315956405413678,abtype5_w100_t0.651
PA_II_L1,134.0,0.4686567164179105,0.05332558234313387,83.2,0.019567430019378662,0.5313432835820896,0.053325582343133865,0.7188686492961327,0.029899646821611715,0.5853913990128683,0.017195103107865043,0.5853913990128683,0.017195103107865043,0.6486276675373748,0.02111054322906667,0.15255682698198633,0.038195742185212524,0.272678216708875,0.04219618508907287,0.4686567164179105,0.05332558234313387,0.6521300241545005,0.021665779906581452,abtype5_w100_t0.651
PA_II_L1,201.0,0.4629353233830845,0.032451962545013285,121.5,0.03521267175674438,0.5370646766169155,0.032451962545013285,0.7281440488486054,0.01859198355448639,0.5873226699264246,0.014030950230131827,0.5873226699264246,0.014030950230131827,0.65391304445839,0.014457384984891313,0.15658339728497728,0.02868668445462536,0.2816458137849363,0.03142197958638811,0.4629353233830845,0.032451962545013285,0.657733359387515,0.014612384149533586,abtype5_w100_t0.651
PA_II_L1,268.0,0.4619402985074627,0.0262682326967135,159.35,0.05179828405380249,0.5380597014925372,0.026268232696713495,0.7324876168709082,0.014719104416423432,0.5872166929001482,0.011369097138179613,0.5872166929001482,0.011369097138179613,0.6558217985363457,0.011858664340393791,0.15695073912188734,0.023443272142998524,0.2844484685924694,0.02553206992838142,0.4619402985074627,0.0262682326967135,0.6598521548855282,0.011976176109663469,abtype5_w100_t0.651
PA_II_L1,335.0,0.4640298507462687,0.018388520056264904,199.35,0.0685119867324829,0.5359701492537313,0.018388520056264908,0.7329876219715331,0.00910568013649326,0.589162389081285,0.007735366250862463,0.589162389081285,0.007735366250862463,0.6571323499940055,0.006691098858078116,0.15866682025582907,0.014172375037973002,0.28800303079189027,0.015000566633961272,0.4640298507462687,0.018388520056264904,0.6610750055264092,0.006720577940398406,abtype5_w100_t0.651
PA_II_L1,402.0,0.45696517412935317,0.014161637141781376,235.55,0.08446764945983887,0.5430348258706468,0.014161637141781386,0.7381643248340193,0.00785970440681157,0.5905893993770344,0.008604944259669714,0.5905893993770344,0.008604944259669714,0.6602546937338782,0.007438272515321411,0.16340376306487936,0.015451662193604792,0.29352840449148543,0.017319968738249262,0.45696517412935317,0.014161637141781376,0.6643768621055269,0.007330527262389553,abtype5_w100_t0.651
PA_II_L1,469.0,0.4573560767590618,0.014594255828270872,273.05,0.100407874584198,0.5426439232409381,0.014594255828270886,0.7393259733060792,0.008557863712481158,0.5897919673920714,0.007911043105946432,0.5897919673920714,0.007911043105946432,0.6603264306825186,0.007134388432688493,0.16218992298691162,0.014721366964265068,0.29297332284248373,0.016072614324598503,0.4573560767590618,0.014594255828270872,0.6645589703490752,0.007116355568194141,abtype5_w100_t0.651
PA_II_L1,536.0,0.458115671641791,0.0151162583659438,310.8,0.11576184034347534,0.5418843283582089,0.01511625836594379,0.7398796054057056,0.008826711112359309,0.5893469325566054,0.006825799128984783,0.5893469325566054,0.006825799128984783,0.6603271327304266,0.0068187170938623365,0.16135727987297024,0.013670226077228113,0.292645059512887,0.014814240083365638,0.458115671641791,0.0151162583659438,0.6646132689811555,0.006888120104703108,abtype5_w100_t0.651
PA_II_L1,603.0,0.46011608623548916,0.013569063342429693,349.75,0.1312397003173828,0.5398839137645107,0.013569063342429688,0.7393811189386876,0.008217383509653007,0.5892245233841141,0.0060767737658022,0.5892245233841141,0.0060767737658022,0.6600368533932266,0.006105223509404406,0.160451029901768,0.012292091267054923,0.29216273814702565,0.01316571905193475,0.46011608623548916,0.013569063342429693,0.6643028211614008,0.006191141697735894,abtype5_w100_t0.651
PA_II_L1,670.0,0.4597014925373135,0.0136058509553174,387.8,0.14680618047714233,0.5402985074626866,0.013605850955317397,0.740051775907346,0.008476133221272001,0.5893513363782181,0.005574333740241844,0.5893513363782181,0.005574333740241844,0.6604081984666428,0.006055528340236628,0.16078997601156148,0.01154298283679925,0.2928066438537664,0.012675837081211318,0.4597014925373135,0.0136058509553174,0.6647015561427821,0.006189261704120393,abtype5_w100_t0.651
PA_II_L1,737.0,0.46146540027137045,0.013849864712081016,427.05,0.16296911239624023,0.5385345997286295,0.013849864712081024,0.7394320242470183,0.008253234144597181,0.5892715510002906,0.0046408638760361345,0.5892715510002906,0.0046408638760361345,0.6600878293029543,0.005517358912764263,0.16002914263092546,0.010329009645569123,0.29232525701077805,0.01115025524363947,0.46146540027137045,0.013849864712081016,0.6643517876236544,0.005698885926834405,abtype5_w100_t0.651
PA_II_L1,804.0,0.46038557213930353,0.012661392200470972,463.8,0.18055928945541383,0.5396144278606965,0.012661392200470974,0.7404460456925851,0.007824171673265374,0.5892565796355899,0.0036831362487459254,0.5892565796355899,0.0036831362487459254,0.6605351329323853,0.005183793323928928,0.1604394344890487,0.009000731841277308,0.29296416830592276,0.010043885572079796,0.46038557213930353,0.012661392200470972,0.6648513126640875,0.005395407270002067,abtype5_w100_t0.651
PA_II_L1,871.0,0.4607347876004592,0.012020068257403198,503.05,0.1997674822807312,0.5392652123995407,0.012020068257403201,0.7406296088157448,0.007232198535084632,0.5890395552598193,0.0032641041903033255,0.5890395552598193,0.0032641041903033255,0.660496588232302,0.004807685962938217,0.1600191739092769,0.008583744180289716,0.2927311346390038,0.009251070486657053,0.4607347876004592,0.012020068257403198,0.6648345820377821,0.005010042797058351,abtype5_w100_t0.651
PA_II_L1,938.0,0.4609275053304904,0.010821158104936357,540.2,0.2178093671798706,0.5390724946695096,0.010821158104936352,0.7410792518924199,0.0066379329667757,0.5880749522729124,0.0029704252442981248,0.5880749522729124,0.0029704252442981248,0.6601563255019239,0.004391652984237956,0.15855923139980424,0.007697502427162406,0.29141548389121696,0.008440988231680107,0.4609275053304904,0.010821158104936357,0.6645771020826663,0.0045802739632709,abtype5_w100_t0.651
PA_II_L1,1000.0,0.46109999999999995,0.010876120631916503,576.0,0.23642661571502685,0.5389000000000002,0.01087612063191652,0.7411666666666666,0.006608309396995558,0.5881168320007973,0.00199402095115813,0.5881168320007973,0.00199402095115813,0.6602190752347499,0.004058918261233685,0.15855555387892972,0.0066826316253570835,0.29155230321319736,0.007284616755265087,0.46109999999999995,0.010876120631916503,0.6646417493337319,0.0042972708204676215,abtype5_w100_t0.651
PA_II_L2,67.0,0.4641791044776119,0.047644446864216025,53.8,0.0050385832786560055,0.5358208955223882,0.047644446864216025,0.7032786063367651,0.06581811013318006,0.5725925790594968,0.02990967194763901,0.5725925790594968,0.02990967194763901,0.6341020027863125,0.04197248659542317,0.13149010962354749,0.052023665526917236,0.2395373980417273,0.07916831702984078,0.4641791044776119,0.047644446864216025,0.637935592698131,0.04340642013365078,abtype5_w100_t0.651
PA_II_L2,134.0,0.45932835820895523,0.03845094487143201,101.4,0.024147963523864745,0.5406716417910449,0.038450944871432,0.7310699653544582,0.024140038581326614,0.5818527458236076,0.016254456244841634,0.5818527458236076,0.016254456244841634,0.6520951306069774,0.015844466953671123,0.14987437529546227,0.03339647219522089,0.2736476497151429,0.03446690335314033,0.45932835820895523,0.03845094487143201,0.6564613555890328,0.016240599880815425,abtype5_w100_t0.651
PA_II_L2,201.0,0.46318407960198993,0.031264213618636766,147.45,0.04133131504058838,0.5368159203980101,0.03126421361863676,0.7334537854367625,0.018276074421033142,0.5837328806084974,0.013126584155294727,0.5837328806084974,0.013126584155294727,0.6542546875462291,0.012272786577136204,0.15137715957868297,0.026783463538858396,0.2787394138532528,0.02702363670108885,0.46318407960198993,0.031264213618636766,0.6585933330226299,0.01248774507844088,abtype5_w100_t0.651
PA_II_L2,268.0,0.460634328358209,0.02788477049366764,192.5,0.05829380750656128,0.539365671641791,0.027884770493667645,0.7378839713333056,0.017011503769978998,0.5823630682128702,0.013640344907900575,0.5823630682128702,0.013640344907900575,0.6554736335526553,0.012720888906048763,0.1504171902235319,0.027213624145447524,0.279111809188554,0.028853770434086937,0.460634328358209,0.02788477049366764,0.6601235197730879,0.01282296575251676,abtype5_w100_t0.651
PA_II_L2,335.0,0.4617910447761194,0.025576010702557585,238.45,0.07513990402221679,0.5382089552238805,0.025576010702557585,0.7384600160996164,0.01476216772995296,0.5841597456537477,0.011305388595616332,0.5841597456537477,0.011305388595616332,0.6567575504030806,0.010936212589976133,0.15273024928703335,0.0233922473938296,0.2827730733537209,0.02449874503796907,0.4617910447761194,0.025576010702557585,0.6613098808766821,0.011052879279770566,abtype5_w100_t0.651
PA_II_L2,402.0,0.46281094527363187,0.02400819713895907,283.65,0.09150137901306152,0.5371890547263681,0.02400819713895905,0.7388149219512388,0.01403644724239631,0.5841386891200335,0.009099752909196533,0.5841386891200335,0.009099752909196533,0.6569099265525824,0.009522128137829853,0.15224686278884253,0.018836409182142324,0.28313118822906425,0.020366595685671812,0.46281094527363187,0.02400819713895907,0.6614768055356361,0.009768730566826705,abtype5_w100_t0.651
PA_II_L2,469.0,0.46034115138592746,0.021352856082549155,328.0,0.10844064950942993,0.5396588486140725,0.021352856082549155,0.7406447693291001,0.011604554032046485,0.5854589229042457,0.008608185387893067,0.5854589229042457,0.008608185387893067,0.6584758509890903,0.008575980282565164,0.15503310377399454,0.017685326666281725,0.2865116187911258,0.018965308472351578,0.46034115138592746,0.021352856082549155,0.6630518461166728,0.008697359729040163,abtype5_w100_t0.651
PA_II_L2,536.0,0.46007462686567163,0.020559667632770014,371.95,0.12570710182189943,0.5399253731343283,0.020559667632770024,0.7412638355119961,0.010833198411914784,0.585854089368404,0.00937791839341504,0.585854089368404,0.00937791839341504,0.6589769238449017,0.00895769153063058,0.15574840319546318,0.01890563176453026,0.2875182350469262,0.02051146862829536,0.46007462686567163,0.020559667632770014,0.6635589624402002,0.008972982576856517,abtype5_w100_t0.651
PA_II_L2,603.0,0.4609452736318408,0.018462970408795087,415.75,0.1428771734237671,0.5390547263681592,0.018462970408795076,0.7412284764509899,0.010404387763073768,0.5860453813912375,0.0076946265027115785,0.5860453813912375,0.0076946265027115785,0.6590733461499256,0.008031260435698429,0.15573780636180917,0.016350376898185946,0.28794122419068324,0.017630732398254446,0.4609452736318408,0.018462970408795087,0.6636369289211136,0.008135749828681222,abtype5_w100_t0.651
PA_II_L2,670.0,0.4611194029850747,0.016366779267089605,460.1,0.16012270450592042,0.5388805970149254,0.016366779267089605,0.7412208421683917,0.009157267572438042,0.5870378901294455,0.006258994314657689,0.5870378901294455,0.006258994314657689,0.6596301141643504,0.006710986952587359,0.15707238637989368,0.013799595139135649,0.2896653504787715,0.014290541268355902,0.4611194029850747,0.016366779267089605,0.6641293661489185,0.006845466801479761,abtype5_w100_t0.651
PA_II_L2,737.0,0.46085481682496604,0.015334680013877963,504.35,0.1772476315498352,0.539145183175034,0.015334680013877973,0.7415539598687083,0.008719848573451577,0.5873045188937104,0.0038600018727302913,0.5873045188937104,0.0038600018727302913,0.6599294844914837,0.005328892341911021,0.15748558345296745,0.00987118685170438,0.29038081951485656,0.010164079505372505,0.46085481682496604,0.015334680013877963,0.6644292393812093,0.005603465319349609,abtype5_w100_t0.651
PA_II_L2,804.0,0.46175373134328357,0.014207851412384362,549.7,0.19463462829589845,0.5382462686567163,0.014207851412384353,0.7407442766404164,0.007923015238796826,0.5888752773869707,0.0036712549170397697,0.5888752773869707,0.0036712549170397697,0.6604530360488841,0.005062531741918885,0.15941901103114425,0.009713861990183136,0.29250848787020267,0.00974908633769819,0.46175373134328357,0.014207851412384362,0.6648097770136935,0.005290407165830948,abtype5_w100_t0.651
PA_II_L2,871.0,0.4595866819747417,0.014005476957339284,591.85,0.2122059464454651,0.5404133180252584,0.014005476957339258,0.7420817698870168,0.007468129782912694,0.5894123682755876,0.003110891102300972,0.5894123682755876,0.003110891102300972,0.6613520710474011,0.004762471104123801,0.1609892318679696,0.009079135051182458,0.29422379421765926,0.009003034475840157,0.4595866819747417,0.014005476957339284,0.6657470690813022,0.004989732929254474,abtype5_w100_t0.651
PA_II_L2,938.0,0.46055437100213215,0.012451003258555597,635.5,0.2299710750579834,0.5394456289978679,0.012451003258555589,0.7420636282630974,0.0064845341399180296,0.5882620993564815,0.0022505844037960677,0.5882620993564815,0.0022505844037960677,0.6606986289177473,0.003828004429155898,0.1589529754057659,0.007140741110310068,0.2923179678024178,0.00693382632536936,0.46055437100213215,0.012451003258555597,0.6651628638097894,0.0040608626022506766,abtype5_w100_t0.651
PA_II_L2,1000.0,0.4595000000000001,0.011137773565663821,674.55,0.24742541313171387,0.5405,0.011137773565663839,0.7427222222222223,0.005695189653135812,0.5886371384971285,0.0016422942491884113,0.5886371384971285,0.0016422942491884113,0.6612043843657502,0.003453378333738897,0.1598816845277718,0.006264670455385012,0.29335326056213773,0.006148006545798823,0.4595000000000001,0.011137773565663821,0.6656796803596754,0.003663761528968501,abtype5_w100_t0.651
