Algorithm,Captured Time,Mistakes,Mistakes (Std),Updates,Time,Accuracies,Accuracies (Std),Sensitivities,Sensitivities (Std),Specificities,Specificities (Std),Precisions,Precisions (Std),G-Mean,G-Mean (Std),Kappas,Kappas (Std),MCCs,MCCs (Std),Cumulative Errors,Cumulative Errors (Std),Sum,Sum (Std),Dataset
Gaussian_Kernel_Perceptron,67.0,0.8417910447761194,0.08029240391828517,63.5,0.0057326555252075195,0.1582089552238806,0.08029240391828515,0.47364537488853264,0.04320518872050923,0.347761722085897,0.16618269929429652,0.347761722085897,0.16618269929429652,0.38632667069680726,0.1262512379832785,-0.009587652849665595,0.016902479852985566,-0.08137737956927621,0.10636829641174873,0.8417910447761194,0.08029240391828517,0.41070354848721485,0.08721705479231129,abtype5_w90_t0.236
Gaussian_Kernel_Perceptron,134.0,0.8671641791044775,0.05389692562766505,125.35,0.02523163557052612,0.1328358208955224,0.053896925627665036,0.48548300705628256,0.02978709886559218,0.35281972656799054,0.17539643790554166,0.35281972656799054,0.17539643790554166,0.3916232970953576,0.13600607120853964,-0.004861440725623001,0.014606542550817433,-0.05630191913007866,0.087695265478863,0.8671641791044775,0.05389692562766505,0.4191513668121365,0.09056507956935778,abtype5_w90_t0.236
Gaussian_Kernel_Perceptron,201.0,0.8746268656716418,0.03586233092724398,187.55,0.04611966609954834,0.12537313432835823,0.03586233092724398,0.4911233897603071,0.01964081620532436,0.3765200774387964,0.1608541091762624,0.3765200774387964,0.1608541091762624,0.41285838057365043,0.12255988358911776,-0.0034110447933592804,0.008583828838041098,-0.04454125309069486,0.0679780278914051,0.8746268656716418,0.03586233092724398,0.4338217335995518,0.08271956775990301,abtype5_w90_t0.236
Gaussian_Kernel_Perceptron,268.0,0.8791044776119404,0.0311829588295167,249.25,0.06496242284774781,0.12089552238805971,0.031182958829516678,0.4944022550551737,0.015239072957054439,0.402955329756025,0.14842548602184508,0.402955329756025,0.14842548602184508,0.4328433405766253,0.11198948637295036,-0.0021385639444739535,0.0068799423440540075,-0.03487747898614027,0.060402003241717996,0.8791044776119404,0.0311829588295167,0.4486787924055994,0.07682498273490017,abtype5_w90_t0.236
Gaussian_Kernel_Perceptron,335.0,0.8801492537313432,0.024782861877026476,310.05,0.0838364839553833,0.11985074626865673,0.024782861877026465,0.4958117725392971,0.011533118104699437,0.4036417862405508,0.14482074764351108,0.4036417862405508,0.14482074764351108,0.4352090688339471,0.10599263440452063,-0.0017498880925947645,0.005336574627173392,-0.031258250981897225,0.051781200827552554,0.8801492537313432,0.024782861877026476,0.44972677938992395,0.07437759581045655,abtype5_w90_t0.236
Gaussian_Kernel_Perceptron,402.0,0.8824626865671643,0.021627132337580016,373.2,0.10337833166122437,0.11753731343283583,0.021627132337580016,0.4960319204386267,0.010167023297703824,0.4123467157787671,0.13911688971243721,0.4123467157787671,0.13911688971243721,0.4407443771826583,0.10285492488986353,-0.001602473205953908,0.004537967787268961,-0.02671875387726353,0.04321807637290652,0.8824626865671643,0.021627132337580016,0.45418931810869684,0.07080270814356524,abtype5_w90_t0.236
Gaussian_Kernel_Perceptron,469.0,0.883368869936034,0.017853244013159304,433.7,0.1241254210472107,0.1166311300639659,0.01785324401315931,0.49679376951005577,0.008626184916302649,0.41319761824393647,0.13864854599583218,0.41319761824393647,0.13864854599583218,0.4416989519575494,0.10212280841604073,-0.0013378464739389085,0.003848947070609628,-0.023893919282240963,0.03942630784205822,0.883368869936034,0.017853244013159304,0.45499569387699623,0.07036314740572297,abtype5_w90_t0.236
Gaussian_Kernel_Perceptron,536.0,0.8847947761194028,0.017370545195462755,495.95,0.144811749458313,0.11520522388059702,0.017370545195462755,0.49724669368388774,0.007780905433986632,0.4137706421002042,0.13863038469299035,0.4137706421002042,0.13863038469299035,0.44237218462573813,0.10146333157509571,-0.001097370120618979,0.003511104865403484,-0.022154012735222498,0.03776715095168442,0.8847947761194028,0.017370545195462755,0.45550866789204597,0.07028988789943291,abtype5_w90_t0.236
Gaussian_Kernel_Perceptron,603.0,0.8875621890547265,0.013600695558084705,558.5,0.16387611627578735,0.11243781094527365,0.01360069555808469,0.49765558947085164,0.007261255553728637,0.4128199961858104,0.13777444173967168,0.4128199961858104,0.13777444173967168,0.4421332955106019,0.10101123623736441,-0.0009462030176042524,0.003101500690239588,-0.020467203448674986,0.03701899040667762,0.8875621890547265,0.013600695558084705,0.455237792828331,0.06985772545863839,abtype5_w90_t0.236
Gaussian_Kernel_Perceptron,670.0,0.888134328358209,0.01267756484814606,620.9,0.18392778635025026,0.11186567164179104,0.012677564848146054,0.49792812627931254,0.006591020983656627,0.4115634276334784,0.13685705867400935,0.4115634276334784,0.13685705867400935,0.44158335627885653,0.10073416212461422,-0.0008294618064003112,0.002777932315141426,-0.01990424861913704,0.034549108629830426,0.888134328358209,0.01267756484814606,0.45474577695639545,0.06928518466480522,abtype5_w90_t0.236
Gaussian_Kernel_Perceptron,737.0,0.8895522388059701,0.011738143150003892,683.1,0.20275026559829712,0.11044776119402985,0.01173814315000389,0.4981783707226778,0.006161015886039782,0.41213194067109715,0.1372910465968476,0.41213194067109715,0.1372910465968476,0.441998120255898,0.10081635231347004,-0.0007119866054181411,0.00255637239384815,-0.01863034257311604,0.033725188838946464,0.8895522388059701,0.011738143150003892,0.45515515569688736,0.06947823858389568,abtype5_w90_t0.236
Gaussian_Kernel_Perceptron,804.0,0.8891791044776118,0.011864263504167648,744.6,0.2238381028175354,0.11082089552238808,0.011864263504167645,0.49836707792910556,0.00582447121228326,0.4122278162979483,0.13783230621514275,0.4122278162979483,0.13783230621514275,0.4419599081838406,0.10155984061489409,-0.0006135947706156109,0.0024200620538886997,-0.017637618976062787,0.03272571791594101,0.8891791044776118,0.011864263504167648,0.45529744711352704,0.06970661363468587,abtype5_w90_t0.236
Gaussian_Kernel_Perceptron,871.0,0.8903559127439724,0.010650188201039553,807.05,0.24342344999313353,0.10964408725602755,0.010650188201039553,0.49830491844961433,0.0051410617526373124,0.411233616081139,0.13709274665825816,0.411233616081139,0.13709274665825816,0.44142718387104446,0.10111019636743722,-0.000653011235220008,0.0021068119040997695,-0.017835157090970773,0.03049196597735697,0.8903559127439724,0.010650188201039553,0.4547692672653767,0.06918064323152665,abtype5_w90_t0.236
Gaussian_Kernel_Perceptron,938.0,0.8916311300639658,0.009888167460145363,869.65,0.26361522674560545,0.10836886993603409,0.009888167460145364,0.49796572009223017,0.004822724484705126,0.4085655298538799,0.13601458265927557,0.4085655298538799,0.13601458265927557,0.43978737016864616,0.1007795573199966,-0.0007871580491260188,0.0019544478790716963,-0.019338357934024067,0.029005664172163083,0.8916311300639658,0.009888167460145363,0.4532656249730551,0.06848151041935878,abtype5_w90_t0.236
Gaussian_Kernel_Perceptron,1000.0,0.8911999999999999,0.008744140895479677,926.1,0.28402588367462156,0.10879999999999998,0.008744140895479669,0.49799999999999994,0.004504455955694336,0.40848720417808,0.1358809933253482,0.40848720417808,0.1358809933253482,0.4397096852925541,0.1008887291601858,-0.0008007410220567668,0.0018312495934140853,-0.01888977365571636,0.027592392821449315,0.8911999999999999,0.008744140895479677,0.45324360208904,0.068331846770816,abtype5_w90_t0.236
PA1_L1,67.0,0.4880597014925372,0.05465621917492702,57.4,0.005093598365783691,0.5119402985074628,0.05465621917492703,0.5775170777106465,0.1011872717754445,0.5311799752034875,0.036909636644997974,0.5311799752034875,0.036909636644997974,0.5529118895710425,0.06764123678481203,0.06065696631366528,0.0721607948443495,0.09779104066192543,0.11912340118208771,0.4880597014925372,0.05465621917492702,0.5543485264570671,0.0682714440603818,abtype5_w90_t0.236
PA1_L1,134.0,0.48432835820895515,0.04127479644485026,107.2,0.02266244888305664,0.5156716417910449,0.04127479644485024,0.608176307041447,0.05829953733005609,0.5410442279897256,0.022978294693019995,0.5410442279897256,0.022978294693019995,0.573385185846453,0.03947760338552763,0.07771947914347008,0.04322171025020368,0.13291769391265212,0.07216665886365407,0.48432835820895515,0.04127479644485026,0.5746102675155864,0.04026283045380284,abtype5_w90_t0.236
PA1_L1,201.0,0.4748756218905473,0.03210690263328202,155.05,0.04130089282989502,0.5251243781094528,0.032106902633282024,0.632776806372837,0.044584305724904336,0.5500494561104027,0.01790838050565864,0.5500494561104027,0.01790838050565864,0.5898249445423059,0.029807038531928894,0.09445200311013492,0.03337603210042501,0.16261200715855642,0.055068222804985204,0.4748756218905473,0.03210690263328202,0.5914131312416199,0.030640020972376433,abtype5_w90_t0.236
PA1_L1,268.0,0.47257462686567164,0.02539712978628006,200.25,0.057972729206085205,0.5274253731343285,0.025397129786280063,0.6428338424817552,0.03820434813461081,0.5535657410022339,0.016289110082642142,0.5535657410022339,0.016289110082642142,0.5964382577457586,0.025933651820512466,0.10072182070198754,0.029135390882964216,0.17459744009055564,0.04859182383920742,0.47257462686567164,0.02539712978628006,0.5981997917419946,0.026672185012245105,abtype5_w90_t0.236
PA1_L1,335.0,0.46805970149253734,0.023760894020456592,244.9,0.0748034119606018,0.5319402985074627,0.0237608940204566,0.6522458113143891,0.03738348384406365,0.557216476917986,0.017133002664942838,0.557216476917986,0.017133002664942838,0.6027907597160729,0.02614591126178603,0.10809854396548706,0.031146500122408174,0.1863995333495126,0.049918655846204446,0.46805970149253734,0.023760894020456592,0.6047311441161876,0.02686752623512561,abtype5_w90_t0.236
PA1_L1,402.0,0.4701492537313432,0.0231089038059574,290.45,0.09260023832321167,0.5298507462686567,0.02310890380595739,0.6593682767702871,0.03136798980284426,0.5602291738350859,0.014762941232720128,0.5602291738350859,0.014762941232720128,0.6077339344120808,0.02213954253587385,0.11283917670951171,0.02759375990969893,0.19572283658189069,0.04266670304033896,0.4701492537313432,0.0231089038059574,0.6097987253026863,0.02274089972559182,abtype5_w90_t0.236
PA1_L1,469.0,0.47174840085287845,0.02220838654907516,336.85,0.1106832504272461,0.5282515991471215,0.022208386549075174,0.6621339024265611,0.027424976543925342,0.5618277187609276,0.012526467164440343,0.5618277187609276,0.012526467164440343,0.6098866088122084,0.01918757818055608,0.11518518832924621,0.024042504091566788,0.20011855392150024,0.036724338808929585,0.47174840085287845,0.02220838654907516,0.6119808105937443,0.019738030668402563,abtype5_w90_t0.236
PA1_L1,536.0,0.47080223880597016,0.02087781599213554,380.2,0.12891563177108764,0.5291977611940298,0.02087781599213553,0.6635153270273244,0.028331525177620942,0.5619438813148878,0.012306975843159599,0.5619438813148878,0.012306975843159599,0.6105787240424806,0.01941584026298163,0.11554558327306283,0.02340402353562691,0.20115706302895703,0.036753662878473856,0.47080223880597016,0.02087781599213554,0.6127296041711061,0.020025526353339148,abtype5_w90_t0.236
PA1_L1,603.0,0.47247097844112773,0.01904533525671909,425.05,0.14693453311920165,0.5275290215588723,0.019045335256719073,0.6641515892256148,0.024342391861684288,0.5616480853326908,0.011239226292084691,0.5616480853326908,0.011239226292084691,0.6107262719789402,0.01709758881568918,0.11457105638820261,0.02102669336918068,0.20109803212987246,0.032800299866020406,0.47247097844112773,0.01904533525671909,0.6128998372791528,0.017590828490590477,abtype5_w90_t0.236
PA1_L1,670.0,0.47380597014925374,0.01832526470077057,468.3,0.1644180417060852,0.5261940298507463,0.01832526470077058,0.6651694159460196,0.0231473665439608,0.5606896026541339,0.010051188637387899,0.5606896026541339,0.010051188637387899,0.6106721960122115,0.015897742656367873,0.11275885611802143,0.01897521962659869,0.20016374307812987,0.03015817588025296,0.47380597014925374,0.01832526470077057,0.6129295093000768,0.016402852876269296,abtype5_w90_t0.236
PA1_L1,737.0,0.4723880597014925,0.015043782187510592,513.25,0.18212263584136962,0.5276119402985076,0.015043782187510587,0.6693939633703466,0.019029131588023038,0.5626971268162828,0.008256053674313257,0.5626971268162828,0.008256053674313257,0.6137138696944529,0.013090934169808444,0.11622034617221669,0.014651045285556701,0.2060701378044171,0.02484478985867756,0.4723880597014925,0.015043782187510592,0.6160455450933148,0.013512247254873285,abtype5_w90_t0.236
PA1_L1,804.0,0.4730099502487562,0.014925891367454133,558.0,0.19988189935684203,0.5269900497512439,0.014925891367454135,0.6705374176375438,0.016721754190521278,0.5631698792570857,0.006753145639320455,0.5631698792570857,0.006753145639320455,0.6144979538271482,0.01122404407113344,0.11683801357015725,0.012118064124017513,0.2075551428615034,0.021003013467884277,0.4730099502487562,0.014925891367454133,0.6168536484473147,0.011615698738904914,abtype5_w90_t0.236
PA1_L1,871.0,0.4729047072330655,0.014084312939198446,601.05,0.21836185455322266,0.5270952927669346,0.014084312939198438,0.670738169198197,0.015417876401214746,0.5627637887261049,0.006096087777458665,0.5627637887261049,0.006096087777458665,0.6143697305001441,0.010251199185243394,0.1162192673460277,0.010729301197140474,0.20700890961070145,0.019089443454582262,0.4729047072330655,0.014084312939198446,0.616750978962151,0.010619230146850275,abtype5_w90_t0.236
PA1_L1,938.0,0.4730277185501066,0.013135522472232262,644.25,0.2369058609008789,0.5269722814498934,0.013135522472232253,0.6713836072190155,0.01425626114322613,0.5626394177135079,0.005438508407779162,0.5626394177135079,0.005438508407779162,0.6146000111095713,0.00943862955426571,0.11603716847639067,0.009897451744562904,0.20721262956964864,0.017490620823036346,0.4730277185501066,0.013135522472232262,0.6170115124662618,0.009792566910389195,abtype5_w90_t0.236
PA1_L1,1000.0,0.4723,0.013442841961430614,683.9,0.2545595169067383,0.5277000000000001,0.013442841961430639,0.6727222222222222,0.013703090576874436,0.5627081755411443,0.004963862793207036,0.5627081755411443,0.004963862793207036,0.6152508858474298,0.008973187738402798,0.11640072103403801,0.00971023725007857,0.20814441189748734,0.016486079159682594,0.4723,0.013442841961430614,0.6177151988816834,0.00932962041507605,abtype5_w90_t0.236
PA1_L2,67.0,0.49626865671641796,0.053788319708335496,53.1,0.004993832111358643,0.503731343283582,0.053788319708335496,0.584236776800244,0.10788957141377903,0.5306887479762289,0.04006016868233196,0.5306887479762289,0.04006016868233196,0.555826745145142,0.07144585613948595,0.0575595858577234,0.07617834169087463,0.10018900618652964,0.12768178178188377,0.49626865671641796,0.053788319708335496,0.5574627623882364,0.07287827434740286,abtype5_w90_t0.236
PA1_L2,134.0,0.46791044776119406,0.03579756703048196,96.85,0.02282254695892334,0.532089552238806,0.03579756703048195,0.6268623683661659,0.0707137911315505,0.5452153792493626,0.027296074090959358,0.5452153792493626,0.027296074090959358,0.5843148004450549,0.047348433584190795,0.08698507240527938,0.052503601281179105,0.15113311384777756,0.08755528194061406,0.46791044776119406,0.03579756703048196,0.5860388738077644,0.0488027367808185,abtype5_w90_t0.236
PA1_L2,201.0,0.4708955223880597,0.03100085392749777,141.85,0.040044975280761716,0.5291044776119402,0.03100085392749776,0.6449735463507148,0.05292830568585017,0.5500242681544129,0.020957466201209064,0.5500242681544129,0.020957466201209064,0.5954363563329387,0.03518300822012238,0.09510033959551831,0.03975191157059702,0.16978885871596644,0.06561484959616688,0.4708955223880597,0.03100085392749777,0.5974989072525638,0.03641089236842432,abtype5_w90_t0.236
PA1_L2,268.0,0.4720149253731344,0.026503046055342924,186.4,0.05700061321258545,0.5279850746268656,0.026503046055342934,0.6567401182754753,0.03922721041014656,0.5552057841665053,0.017877144661134964,0.5552057841665053,0.017877144661134964,0.6037597122473717,0.02705464382078376,0.10364359102465528,0.033170436156939244,0.18552588353120092,0.05214707275773372,0.4720149253731344,0.026503046055342924,0.6059729512209904,0.027937561574503916,abtype5_w90_t0.236
PA1_L2,335.0,0.47194029850746266,0.022613787422708854,229.3,0.07408100366592407,0.5280597014925373,0.022613787422708854,0.6688562165127716,0.03087936102574243,0.5577473875909785,0.01327236163046494,0.5577473875909785,0.01327236163046494,0.6107254582054357,0.02076833413920372,0.10807400418446415,0.02429062659318468,0.19719864653270927,0.039662597126194375,0.47194029850746266,0.022613787422708854,0.613301802051875,0.021551645290749776,abtype5_w90_t0.236
PA1_L2,402.0,0.4747512437810945,0.020607392175189778,273.65,0.09214566946029663,0.5252487562189054,0.020607392175189768,0.6750239490131122,0.02882621945171822,0.5600587825190033,0.013099686914691388,0.5600587825190033,0.013099686914691388,0.6148120852244763,0.01963696938914293,0.11141007443993015,0.024331311922830237,0.20472577764053837,0.037946485010884205,0.4747512437810945,0.020607392175189778,0.6175413657660578,0.020343254557423255,abtype5_w90_t0.236
PA1_L2,469.0,0.4723880597014925,0.019984434366305807,314.9,0.11087394952774048,0.5276119402985076,0.01998443436630583,0.6835645430254013,0.024470063307179407,0.5629460161729617,0.010183862967115454,0.5629460161729617,0.010183862967115454,0.6202900027824998,0.016015300533064988,0.1168121515153315,0.019712542902447495,0.21475697613009498,0.03038144860015458,0.4723880597014925,0.019984434366305807,0.6232552795991815,0.016695637775066333,abtype5_w90_t0.236
PA1_L2,536.0,0.4701492537313433,0.01598391790343575,357.15,0.1288025498390198,0.5298507462686567,0.01598391790343573,0.6903210360569837,0.02065818168731218,0.5668579664750663,0.0076605864394831726,0.5668579664750663,0.0076605864394831726,0.6255172559947857,0.012897335053021292,0.12360549559699212,0.014846413061882554,0.2254589822691063,0.02372672427755853,0.4701492537313433,0.01598391790343575,0.6285895012660249,0.013544788889178566,abtype5_w90_t0.236
PA1_L2,603.0,0.4708955223880597,0.013508121846467975,399.15,0.1469954490661621,0.5291044776119402,0.013508121846467982,0.6923608861852708,0.018229399576209296,0.5683934874049201,0.006268820446655474,0.5683934874049201,0.006268820446655474,0.6272920617359612,0.010975995386149203,0.12575694405903232,0.011902159465062082,0.22926577434445497,0.019790661952918627,0.4708955223880597,0.013508121846467975,0.6303771867950956,0.01157992032385083,abtype5_w90_t0.236
PA1_L2,670.0,0.4705970149253731,0.012995363911068803,440.35,0.1646162748336792,0.5294029850746268,0.012995363911068794,0.696118693564278,0.0174844128535364,0.569752398087654,0.006255244468662732,0.569752398087654,0.006255244468662732,0.6297487117216082,0.010774513955340901,0.12802354392205006,0.012370856550981933,0.2338122479463703,0.01969186812867915,0.4705970149253731,0.012995363911068803,0.632935545825966,0.0113280943279259,abtype5_w90_t0.236
PA1_L2,737.0,0.46960651289009503,0.010700222058150544,480.75,0.18262637853622438,0.5303934871099049,0.010700222058150535,0.6991820172926533,0.015362457686141194,0.5707890257240746,0.006251182513869166,0.5707890257240746,0.006251182513869166,0.631715792900946,0.009951418272951908,0.12988714654094732,0.011887791796515343,0.23740682502590565,0.01874588760554121,0.46960651289009503,0.010700222058150544,0.634985521508364,0.010392123612080273,abtype5_w90_t0.236
PA1_L2,804.0,0.47002487562189066,0.010913426077125034,522.45,0.2014312267303467,0.5299751243781093,0.01091342607712503,0.7011099283711403,0.015002284090404785,0.5721489276320955,0.006005212844608612,0.5721489276320955,0.006005212844608612,0.6333394492100257,0.009646668471383544,0.13186871428077016,0.011629171731235892,0.24084040317927924,0.01805139171901181,0.47002487562189066,0.010913426077125034,0.6366294280016179,0.010079385475106697,abtype5_w90_t0.236
PA1_L2,871.0,0.4677956371986222,0.012335992917827469,561.2,0.22069120407104492,0.5322043628013777,0.012335992917827478,0.7045404544183835,0.013992374608981447,0.5742074036235072,0.006274353581157187,0.5742074036235072,0.006274353581157187,0.6360334421374836,0.009478554464522592,0.13571222504627217,0.01259185918732879,0.24634650645922956,0.018199250520878864,0.4677956371986222,0.012335992917827469,0.6393739290209453,0.009839066589784092,abtype5_w90_t0.236
PA1_L2,938.0,0.4663113006396588,0.008451139097060306,600.6,0.24002007246017457,0.5336886993603411,0.008451139097060308,0.7075662617889773,0.011844223038607247,0.5757066726254036,0.004240734798061178,0.5757066726254036,0.004240734798061178,0.638232306959143,0.0076035900778206635,0.13842743329836188,0.008654692797593976,0.2507017956037992,0.013996776990205422,0.4663113006396588,0.008451139097060306,0.6416364672071905,0.007962685396322,abtype5_w90_t0.236
PA1_L2,1000.0,0.46769999999999995,0.0076426435217141825,639.2,0.2589791178703308,0.5323,0.007642643521714205,0.7083888888888887,0.01064711750245629,0.5758925610472939,0.0037796161216707264,0.5758925610472939,0.0037796161216707264,0.6387085295505315,0.006892672915775204,0.13827456683572414,0.007812789859602641,0.2515165279939371,0.012685224302839955,0.46769999999999995,0.0076426435217141825,0.6421407249680914,0.0072120220959860665,abtype5_w90_t0.236
PA2_L1,67.0,0.5014925373134329,0.06106648521038442,67.0,0.005310678482055664,0.4985074626865672,0.061066485210384436,0.5868961650641042,0.08953136670773995,0.5326362549339876,0.031200770095339787,0.5326362549339876,0.031200770095339787,0.5582688000537444,0.059254530101222294,0.056692868710323516,0.057666225796754095,0.10584513567101365,0.10213998757811649,0.5014925373134329,0.06106648521038442,0.5597662099990461,0.05944600026767707,abtype5_w90_t0.236
PA2_L1,134.0,0.4906716417910447,0.042404545354199574,134.0,0.024683165550231933,0.5093283582089552,0.042404545354199574,0.6505159886967611,0.05042868585865861,0.5515848599861709,0.016712838506098723,0.5515848599861709,0.016712838506098723,0.5987735401033134,0.030993882224587054,0.09354386555305952,0.031137605053154455,0.17523653008614795,0.055244487601257254,0.4906716417910447,0.042404545354199574,0.601050424341466,0.03230161128580367,abtype5_w90_t0.236
PA2_L1,201.0,0.4850746268656717,0.03761075572643031,201.0,0.04252021312713623,0.5149253731343284,0.037610755726430294,0.669385697681768,0.0378240773615813,0.5611128790516832,0.01415794484548576,0.5611128790516832,0.01415794484548576,0.6127309282533357,0.023655617173597432,0.11063470335353172,0.028222469688997522,0.2028059846273571,0.04321682288946801,0.4850746268656717,0.03761075572643031,0.6152492883667255,0.024631247989833654,abtype5_w90_t0.236
PA2_L1,268.0,0.4787313432835821,0.030726428173194303,268.0,0.05993920564651489,0.521268656716418,0.030726428173194292,0.6827755985611688,0.030574605477851572,0.5678517884783697,0.010638514720844367,0.5678517884783697,0.010638514720844367,0.6225926221096414,0.01904845140453092,0.12274756812153735,0.021793577314026626,0.2224680441717574,0.03450886362072345,0.4787313432835821,0.030726428173194303,0.6253136935197692,0.019913112284576335,abtype5_w90_t0.236
PA2_L1,335.0,0.47567164179104476,0.02489049306728466,335.0,0.07759006023406982,0.5243283582089553,0.024890493067284677,0.6911836325758858,0.021952429397734244,0.571083987962919,0.006281653038723058,0.571083987962919,0.006281653038723058,0.6282189993852569,0.012539408390686665,0.12856232840130422,0.01446712874605169,0.23293946509736035,0.02166463311836474,0.47567164179104476,0.02489049306728466,0.6311338102694025,0.013287716243747751,abtype5_w90_t0.236
PA2_L1,402.0,0.47288557213930343,0.02508494023075468,402.0,0.09570683240890503,0.5271144278606965,0.025084940230754683,0.6992351989153711,0.021492928952794234,0.5735699378464169,0.007764433262911657,0.5735699378464169,0.007764433262911657,0.6332542990896195,0.013284621970161607,0.1333365913366651,0.017706720945135677,0.24197328783171868,0.024261253838877946,0.47288557213930343,0.02508494023075468,0.6364025683808942,0.013934043273422528,abtype5_w90_t0.236
PA2_L1,469.0,0.47164179104477616,0.020590877877198908,469.0,0.11396833658218383,0.5283582089552239,0.02059087787719894,0.7040826669630773,0.018484612048482552,0.5758992634592758,0.006271681439051378,0.5758992634592758,0.006271681439051378,0.6367378359738226,0.010855219699674713,0.13701023170758042,0.013614959401009485,0.2487383845231546,0.019416112935517076,0.47164179104477616,0.020590877877198908,0.6399909652111766,0.011461362750651587,abtype5_w90_t0.236
PA2_L1,536.0,0.4731343283582089,0.018520021617505034,536.0,0.1321100950241089,0.5268656716417911,0.01852002161750502,0.7062267530697722,0.016397774335234084,0.5755751100358039,0.005568960447136638,0.5755751100358039,0.005568960447136638,0.6375296910965018,0.009269177341471811,0.13605601983551296,0.012009555363738855,0.24949509684131715,0.016388079623434183,0.4731343283582089,0.018520021617505034,0.640900931552788,0.009834473336978244,abtype5_w90_t0.236
PA2_L1,603.0,0.4718905472636815,0.017679200906697928,603.0,0.15037039518356324,0.5281094527363183,0.01767920090669792,0.7089030617990104,0.013584577287118234,0.5768914785154425,0.0063259028752990516,0.5768914785154425,0.0063259028752990516,0.6394786254638282,0.008513919238210104,0.13836062202704055,0.01270851847382935,0.2533123521058932,0.016290138896938346,0.4718905472636815,0.017679200906697928,0.6428972701572265,0.008875322365280354,abtype5_w90_t0.236
PA2_L1,670.0,0.4705970149253731,0.01637103212398759,670.0,0.1688007354736328,0.5294029850746269,0.016371032123987588,0.7121480953971635,0.012639103837172256,0.5782060018589148,0.0058299197263513985,0.5782060018589148,0.0058299197263513985,0.641675507369464,0.008058773039607163,0.14074352626570513,0.01181284110290854,0.25749413611053495,0.015433006174598553,0.4705970149253731,0.01637103212398759,0.645177048628039,0.008395387562210836,abtype5_w90_t0.236
PA2_L1,737.0,0.47069199457259164,0.013763189696588529,737.0,0.18811910152435302,0.5293080054274084,0.013763189696588546,0.7142578374527832,0.012488917452065254,0.579390485650453,0.005397969601975272,0.579390485650453,0.005397969601975272,0.6432827122001499,0.007725954082540571,0.14247225531451338,0.010938206964743027,0.2607317809447403,0.014548021417932891,0.47069199457259164,0.013763189696588529,0.6468241615516181,0.008083886074471112,abtype5_w90_t0.236
PA2_L1,804.0,0.4700870646766169,0.01262590976665472,804.0,0.20756014585494995,0.5299129353233831,0.012625909766654722,0.7164215474412402,0.012184715472293849,0.5789571253655684,0.003919356669844015,0.5789571253655684,0.003919356669844015,0.6440145381863378,0.006846771569497285,0.14203888199047657,0.008466790588732958,0.26135100575366377,0.012029999296692748,0.4700870646766169,0.01262590976665472,0.6476893364034043,0.007285545404335765,abtype5_w90_t0.236
PA2_L1,871.0,0.4700344431687715,0.01201074335763216,871.0,0.22734694480895995,0.5299655568312286,0.012010743357632173,0.7181574666009766,0.0116273543757334,0.5795786943952517,0.003223001460078318,0.5795786943952517,0.003223001460078318,0.6451462980198626,0.006780030785701071,0.1430283359722967,0.008092083271619506,0.2634897808872084,0.011818292613899918,0.4700344431687715,0.01201074335763216,0.6488680804981142,0.007202060728987175,abtype5_w90_t0.236
PA2_L1,938.0,0.46828358208955223,0.011266770462605673,938.0,0.24706875085830687,0.5317164179104477,0.011266770462605682,0.7199893980048073,0.01087783895944031,0.5806848153365349,0.003438628289932121,0.5806848153365349,0.003438628289932121,0.646588315296436,0.006683479982162359,0.14522745996690456,0.008209466185868283,0.266443049489733,0.012006174500960634,0.46828358208955223,0.011266770462605673,0.6503371066706711,0.007045691248647226,abtype5_w90_t0.236
PA2_L1,1000.0,0.46810000000000007,0.009342911751697098,1000.0,0.26774073839187623,0.5319,0.00934291175169712,0.7212777777777777,0.009551840363039334,0.5808362033599673,0.0033668375174090853,0.5808362033599673,0.0033668375174090853,0.6472544666905921,0.006156187581934817,0.14548944282142512,0.007323011139141629,0.26748581132574845,0.011329238711500749,0.46810000000000007,0.009342911751697098,0.6510569905688725,0.006453057752056387,abtype5_w90_t0.236
PA2_L2,67.0,0.4888059701492538,0.06187732817827238,55.7,0.005146646499633789,0.5111940298507462,0.06187732817827238,0.6063081406307792,0.1010265515657617,0.539459107743603,0.037769786779886114,0.539459107743603,0.037769786779886114,0.5708191425425364,0.06725615248871047,0.07399753145935002,0.0719232393732374,0.12729825957796387,0.11701363391495105,0.4888059701492538,0.06187732817827238,0.5728836241871911,0.06743847357240518,abtype5_w90_t0.236
PA2_L2,134.0,0.47686567164179106,0.042010352074739014,103.8,0.02254321575164795,0.523134328358209,0.04201035207473901,0.6499314293597889,0.06025626320392503,0.5591374617859416,0.02973310468051889,0.5591374617859416,0.02973310468051889,0.6026069844843658,0.042845624411998594,0.1090194735723505,0.054714362015110485,0.1871747469681853,0.08192394600062645,0.47686567164179106,0.042010352074739014,0.6045344455728653,0.04374558788080808,abtype5_w90_t0.236
PA2_L2,201.0,0.4741293532338308,0.03348890701999288,149.7,0.039693379402160646,0.5258706467661691,0.03348890701999287,0.6619890549035603,0.0492394017674565,0.5615929524250461,0.024211364282207364,0.5615929524250461,0.024211364282207364,0.6095874844289677,0.03481279273487611,0.11351478535073997,0.04229005244972971,0.19886950545990673,0.06724754257720669,0.4741293532338308,0.03348890701999288,0.6117910036643032,0.03567771235304674,abtype5_w90_t0.236
PA2_L2,268.0,0.47238805970149256,0.027907853658679326,194.8,0.05545864105224609,0.5276119402985074,0.02790785365867933,0.6770750470687715,0.0350704640873165,0.5665595401228485,0.018101296489092995,0.5665595401228485,0.018101296489092995,0.6192764160725399,0.024808242889868302,0.12179921999546908,0.03092470472828082,0.2164257773528086,0.04863766225593128,0.47238805970149256,0.027907853658679326,0.62181729359581,0.025438143760267713,abtype5_w90_t0.236
PA2_L2,335.0,0.47462686567164186,0.02225833060574,239.25,0.07188774347305298,0.5253731343283581,0.02225833060574,0.6830142713899832,0.027010156763878357,0.5668601557366559,0.011989201703088074,0.5668601557366559,0.011989201703088074,0.6221669268584556,0.01758292944064624,0.12194697301543504,0.020329835545030442,0.22077342471834807,0.03337091280878785,0.47462686567164186,0.02225833060574,0.6249372135633198,0.018219670642856883,abtype5_w90_t0.236
PA2_L2,402.0,0.4720149253731343,0.024154664367317454,284.55,0.08806788921356201,0.5279850746268657,0.024154664367317454,0.6883357344173358,0.02421892075244115,0.5691229656104746,0.008939781712197063,0.5691229656104746,0.008939781712197063,0.6258328536316281,0.014502657795800055,0.12636619810106223,0.016316277534774628,0.22781951146919588,0.02625302286808253,0.4720149253731343,0.024154664367317454,0.6287293500139052,0.015209391347588508,abtype5_w90_t0.236
PA2_L2,469.0,0.46886993603411514,0.020494609172702474,328.1,0.10442101955413818,0.5311300639658849,0.02049460917270248,0.6948965360148571,0.01997395058586295,0.5719365112690943,0.008312519854374442,0.5719365112690943,0.008312519854374442,0.6303767597563255,0.012000204265348115,0.13144572016536613,0.013359796747670469,0.23646658711520954,0.022201693254299097,0.46886993603411514,0.020494609172702474,0.6334165236419758,0.01257362290960654,abtype5_w90_t0.236
PA2_L2,536.0,0.46501865671641796,0.019979897379294675,371.8,0.12137430906295776,0.534981343283582,0.019979897379294672,0.7005410227796606,0.018304621936957834,0.5745179943464543,0.006147462714984101,0.5745179943464543,0.006147462714984101,0.6343721977591457,0.010700759572223103,0.13685891857073865,0.011961894158389398,0.2443138829641335,0.019054094560567968,0.46501865671641796,0.019979897379294675,0.6375295085630575,0.011304720727432323,abtype5_w90_t0.236
PA2_L2,603.0,0.46426202321724713,0.01751509948866791,415.85,0.13918774127960204,0.5357379767827528,0.017515099488667914,0.7039249857653481,0.016463770467148375,0.5752950774937784,0.005268559813231857,0.5752950774937784,0.005268559813231857,0.6363414638312717,0.00965510211891491,0.13832072940869028,0.010508420281383612,0.24771285901903844,0.017115236187965552,0.46426202321724713,0.01751509948866791,0.6396100316295633,0.010210462340651033,abtype5_w90_t0.236
PA2_L2,670.0,0.4660447761194029,0.01545244719466318,460.1,0.1570444345474243,0.533955223880597,0.01545244719466317,0.7045625668746676,0.012985257515107883,0.5752363182326582,0.0053550605193814545,0.5752363182326582,0.0053550605193814545,0.6366068222886243,0.008036754345609479,0.13767152228011828,0.010298736664370886,0.2480068643061093,0.01503886504116455,0.4660447761194029,0.01545244719466318,0.6398994425536629,0.008411464326941828,abtype5_w90_t0.236
PA2_L2,737.0,0.4655359565807327,0.012713204608404522,502.5,0.17533020973205565,0.5344640434192672,0.012713204608404532,0.7056307914825573,0.011693663328945234,0.5750925174954838,0.004938395035411735,0.5750925174954838,0.004938395035411735,0.6370156052819123,0.007518064621381107,0.1376875242717966,0.009829298851921891,0.24846103480009218,0.014216430751599448,0.4655359565807327,0.012713204608404522,0.6403616544890205,0.007841528106372392,abtype5_w90_t0.236
PA2_L2,804.0,0.46449004975124375,0.011079255434935585,546.1,0.1934206008911133,0.5355099502487563,0.011079255434935582,0.706130287214746,0.011270513547186568,0.5762601902628488,0.0054941561530038345,0.5762601902628488,0.0054941561530038345,0.6378916928101925,0.007827195629508848,0.1397885608597129,0.010511260904837517,0.25070710550697256,0.015274137744196342,0.46449004975124375,0.011079255434935585,0.6411952387387974,0.008090370840434383,abtype5_w90_t0.236
PA2_L2,871.0,0.4644661308840414,0.009428981277639812,589.2,0.21157031059265136,0.5355338691159586,0.00942898127763982,0.7070357705012399,0.011648121311988124,0.5761016139802165,0.0049006296229803965,0.5761016139802165,0.0049006296229803965,0.6382133634473585,0.007861621222487505,0.13954616895114696,0.009091323525687655,0.25102828236889685,0.014914488665454485,0.4644661308840414,0.009428981277639812,0.6415686922407283,0.008170106912574407,abtype5_w90_t0.236
PA2_L2,938.0,0.4639658848614072,0.0073522130701776855,632.05,0.22983763217926026,0.5360341151385927,0.007352213070177691,0.7083806447473717,0.0106145815833353,0.5760173701617934,0.004071416397921923,0.5760173701617934,0.004071416397921923,0.6387732134907032,0.006900021683152513,0.13955144656549975,0.006905391176804747,0.2517028285318532,0.012844087379143119,0.4639658848614072,0.0073522130701776855,0.6421990074545826,0.007207475230890346,abtype5_w90_t0.236
PA2_L2,1000.0,0.46525,0.0077709394541457975,673.4,0.2478442907333374,0.5347500000000001,0.007770939454145819,0.7077500000000001,0.010191794993286768,0.5755800134816179,0.003783843656182771,0.5755800134816179,0.003783843656182771,0.63824797292228,0.0066881937395132,0.13849525737634621,0.006599808536073761,0.2506127507038264,0.012411676801008225,0.46525,0.0077709394541457975,0.641665006740809,0.006983817447550451,abtype5_w90_t0.236
OGD_1,67.0,0.5104477611940299,0.07863844699892233,45.5,0.0027010560035705565,0.48955223880597004,0.07863844699892232,0.4954655034824994,0.1423929946127109,0.4983804178947981,0.0555894592381793,0.4983804178947981,0.0555894592381793,0.49480974370727165,0.09931413552061011,-0.0028323266385089753,0.11188289817292774,-0.005216455853352087,0.17629766238150385,0.5104477611940299,0.07863844699892233,0.4969229606886487,0.09862213684153695,abtype5_w90_t0.236
OGD_1,134.0,0.5171641791044777,0.051384268612244786,90.15,0.01861494779586792,0.48283582089552246,0.05138426861224481,0.4732423076055223,0.09579271286474704,0.4898814836899371,0.037717582491091924,0.4898814836899371,0.037717582491091924,0.48041891150977845,0.06755617473195483,-0.020713695602160596,0.07681469764479655,-0.03257231966322437,0.11897953825535366,0.5171641791044777,0.051384268612244786,0.4815618956477298,0.06645657762589058,abtype5_w90_t0.236
OGD_1,201.0,0.5092039800995025,0.035012824419275355,134.9,0.033846151828765866,0.49079601990049754,0.035012824419275355,0.48485944987683605,0.07931380611942039,0.49522731206053505,0.030039382611052604,0.49522731206053505,0.030039382611052604,0.48929150221699924,0.05542112542919994,-0.010407924896248717,0.060641130393290145,-0.01707612910637627,0.097188389648288,0.5092039800995025,0.035012824419275355,0.4900433809686856,0.05458275996298048,abtype5_w90_t0.236
OGD_1,268.0,0.505597014925373,0.028257381634559965,181.25,0.04917597770690918,0.49440298507462693,0.028257381634559976,0.49033995352540805,0.07075548992427091,0.49714012609409297,0.026337815806641404,0.49714012609409297,0.026337815806641404,0.49316437364430754,0.04905746682429753,-0.0067148596905412085,0.053068528680410856,-0.010545766738859255,0.08602072713994059,0.505597014925373,0.028257381634559965,0.49374003980975056,0.048477201376266495,abtype5_w90_t0.236
OGD_1,335.0,0.51,0.029267054535368056,230.2,0.06424896717071533,0.49000000000000005,0.02926705453536808,0.4901516865380996,0.07106121747435898,0.49685229666698705,0.02797362776046212,0.49685229666698705,0.02797362776046212,0.49295605860844083,0.050085385842999285,-0.007264758419861722,0.05613645194607472,-0.011197515663940852,0.08901424384909012,0.51,0.029267054535368056,0.4935019916025434,0.04948404117323235,abtype5_w90_t0.236
OGD_1,402.0,0.5089552238805971,0.028649114525150187,277.75,0.08023860454559326,0.491044776119403,0.028649114525150184,0.49259452921678254,0.06955985672270489,0.4979465650865146,0.027086466272157304,0.4979465650865146,0.027086466272157304,0.494770642024318,0.048631380777975415,-0.004871775187633015,0.054426120385229294,-0.00786756055958174,0.08664819967177688,0.5089552238805971,0.028649114525150187,0.49527054715164864,0.048287528218063806,abtype5_w90_t0.236
OGD_1,469.0,0.5046908315565031,0.028021146414255238,324.4,0.09570649862289429,0.4953091684434968,0.028021146414255224,0.4916564343632109,0.06740265278944339,0.4972591611868742,0.026594180842307854,0.4972591611868742,0.026594180842307854,0.4939917653466903,0.0473070178031654,-0.006150917656763927,0.053313414198092726,-0.009549477370328028,0.08450378119858198,0.5046908315565031,0.028021146414255238,0.49445779777504245,0.046959216608950693,abtype5_w90_t0.236
OGD_1,536.0,0.505597014925373,0.026424128621425697,373.05,0.11062952280044555,0.49440298507462693,0.026424128621425683,0.4956021214376232,0.06695032984237657,0.4983955693245223,0.025945497200990243,0.4983955693245223,0.025945497200990243,0.4965393387985781,0.046745670028255804,-0.003803609152784915,0.052047233673576464,-0.005282131719676608,0.08320221225354436,0.505597014925373,0.026424128621425697,0.49699884538107264,0.04641297724817526,abtype5_w90_t0.236
OGD_1,603.0,0.5038142620232173,0.022547799390297822,422.45,0.12681444883346557,0.4961857379767828,0.022547799390297836,0.49618428251985475,0.06282244243096757,0.49865714892170676,0.023455442661827922,0.49865714892170676,0.023455442661827922,0.49699952786023366,0.04346297788127882,-0.003252812450853154,0.047033601466900915,-0.004518812522888198,0.07672654044510656,0.5038142620232173,0.022547799390297822,0.4974207157207807,0.04312847093404475,abtype5_w90_t0.236
OGD_1,670.0,0.5041791044776119,0.0212789972244499,472.15,0.14371931552886963,0.49582089552238806,0.021278997224449897,0.4996688421613403,0.062247320957686904,0.49981228295833685,0.02302770233825563,0.49981228295833685,0.02302770233825563,0.49932410190782184,0.04298837233442678,-0.0010580544806219673,0.04611065054154194,-0.0005119335869099327,0.07568172363730016,0.5041791044776119,0.0212789972244499,0.4997405625598386,0.042628841169459544,abtype5_w90_t0.236
OGD_1,737.0,0.5029850746268657,0.019891192676863734,522.75,0.1603314161300659,0.4970149253731343,0.019891192676863744,0.499274333397327,0.06041014343456065,0.5001712959473965,0.022116736311504633,0.5001712959473965,0.022116736311504633,0.49932303179533893,0.04164984223609638,-0.00039708661956539546,0.04429622751334664,-0.0001593322054971444,0.07308565989387715,0.5029850746268657,0.019891192676863734,0.4997228146723617,0.0412600096848959,abtype5_w90_t0.236
OGD_1,804.0,0.5036691542288556,0.016942266343431187,572.5,0.17600945234298707,0.4963308457711443,0.016942266343431187,0.49674694682122206,0.054806753679764765,0.4992136921233472,0.019576855589684444,0.4992136921233472,0.019576855589684444,0.4976356673587201,0.037599859088611826,-0.002214577123549505,0.03936074243955519,-0.003260789118711987,0.0654837131610138,0.5036691542288556,0.016942266343431187,0.49798031947228444,0.03718632960690596,abtype5_w90_t0.236
OGD_1,871.0,0.5026980482204364,0.015967648152025105,623.45,0.19144028425216675,0.49730195177956366,0.015967648152025102,0.4965242356907008,0.052958928934868935,0.49888537240894715,0.018977388346222285,0.49888537240894715,0.018977388346222285,0.4973867495773606,0.03632577738393549,-0.002797582741437954,0.03823262029247271,-0.003939337736525482,0.06338634276891988,0.5026980482204364,0.015967648152025105,0.4977048040498239,0.035964268630420716,abtype5_w90_t0.236
OGD_1,938.0,0.502825159914712,0.015164378621801996,675.55,0.2071122407913208,0.49717484008528795,0.015164378621801998,0.49861738539680117,0.05073236798620959,0.49954511476916136,0.01812267484403813,0.49954511476916136,0.01812267484403813,0.49879950971005077,0.03464226206610097,-0.0014761150945238777,0.036313823499714896,-0.0015869564498978926,0.06063522136081739,0.502825159914712,0.015164378621801996,0.4990812500829812,0.03442572037441497,abtype5_w90_t0.236
OGD_1,1000.0,0.5009499999999999,0.0155675142524425,723.5,0.22247030735015869,0.4990500000000001,0.0155675142524425,0.5003611111111111,0.05020337496647701,0.5001332761978062,0.018098971693088158,0.5001332761978062,0.018098971693088158,0.4999785029023779,0.034312784301077405,-0.00025724473411140036,0.036300007497566435,0.00043878344082744377,0.06028693867861001,0.5009499999999999,0.0155675142524425,0.5002471936544587,0.03415116810745046,abtype5_w90_t0.236
OGD_2,67.0,0.5044776119402985,0.053938241789828804,38.45,0.0026471972465515136,0.4955223880597014,0.053938241789828804,0.5070319404998147,0.13503800478041617,0.5064264894476033,0.045697124293375864,0.5064264894476033,0.045697124293375864,0.5040494783001134,0.09096725080184363,0.007108639286507739,0.08629218289991675,0.015742617371863447,0.14899321889164932,0.5044776119402985,0.053938241789828804,0.506729214973709,0.08867992044373602,abtype5_w90_t0.236
OGD_2,134.0,0.5104477611940299,0.04171101078352871,77.65,0.01835404634475708,0.48955223880597015,0.041711010783528714,0.5004073755788888,0.08189691371528114,0.4998270534024692,0.031186816360683937,0.4998270534024692,0.031186816360683937,0.49943717314400604,0.05650310176517826,-0.0018766101654967226,0.06386659129593554,-0.00024774995410124025,0.10025688188793971,0.5104477611940299,0.04171101078352871,0.5001172144906789,0.05635959273320254,abtype5_w90_t0.236
OGD_2,201.0,0.5094527363184078,0.03687637902528642,116.15,0.03290854692459107,0.49054726368159207,0.036876379025286406,0.4914043293662057,0.07501771750416615,0.4970344147141101,0.026051520404724225,0.4970344147141101,0.026051520404724225,0.49357306530284495,0.05068230047349894,-0.006626658894040243,0.05250104161919922,-0.010238691901320271,0.08803378057568907,0.5094527363184078,0.03687637902528642,0.4942193720401578,0.05045479643545828,abtype5_w90_t0.236
OGD_2,268.0,0.5102611940298507,0.030333663707699954,155.65,0.048188769817352296,0.4897388059701493,0.030333663707699937,0.4818887971939792,0.0695152076976154,0.4938493472852077,0.024738934560770958,0.4938493472852077,0.024738934560770958,0.4872880974214623,0.047359368324594295,-0.012838055682338362,0.04970627872845133,-0.021177583138774995,0.08273825983762878,0.5102611940298507,0.030333663707699954,0.48786907223959347,0.04708673481276349,abtype5_w90_t0.236
OGD_2,335.0,0.5070149253731343,0.02418232888026943,194.55,0.06341080665588379,0.4929850746268657,0.024182328880269433,0.4878928306454696,0.06698590656488661,0.4961455416876902,0.02320491150966656,0.4961455416876902,0.02320491150966656,0.49149428840855836,0.04525066499957515,-0.008641123593971156,0.046466089158691035,-0.013689338675481338,0.07869491867245301,0.5070149253731343,0.02418232888026943,0.4920191861665799,0.04506215304025918,abtype5_w90_t0.236
OGD_2,402.0,0.5074626865671643,0.020723050347918943,234.75,0.078226637840271,0.4925373134328358,0.020723050347918933,0.48732371828816373,0.06398397053085782,0.4953690885836509,0.0226846254612284,0.4953690885836509,0.0226846254612284,0.4908656817987125,0.04363019771905105,-0.010447882983676738,0.04532543143417486,-0.015338692023904107,0.07609177134381513,0.5074626865671643,0.020723050347918943,0.4913464034359073,0.043312099381810465,abtype5_w90_t0.236
OGD_2,469.0,0.5070362473347547,0.017538528548126903,275.65,0.09340816736221313,0.4929637526652453,0.017538528548126896,0.48802152902478824,0.062252509876964346,0.49612262010278985,0.02133895156901186,0.49612262010278985,0.02133895156901186,0.49158901909156133,0.04223551783182899,-0.00907739690880025,0.04250081089439727,-0.013613617893811571,0.07280646801204788,0.5070362473347547,0.017538528548126903,0.49207207456378904,0.0417758658294565,abtype5_w90_t0.236
OGD_2,536.0,0.5055970149253731,0.019271584341219006,316.5,0.10873715877532959,0.49440298507462693,0.019271584341218995,0.49000491850469813,0.053194081314245,0.4965345130219168,0.018388774509862867,0.4965345130219168,0.018388774509862867,0.49293066156972304,0.036052098609014,-0.0078096790035414145,0.03629599850919298,-0.011755409510163128,0.06248608655320716,0.5055970149253731,0.019271584341219006,0.49326971576330736,0.035776500660526664,abtype5_w90_t0.236
OGD_2,603.0,0.5064676616915423,0.01655387026662392,359.7,0.12435048818588257,0.49353233830845766,0.016553870266623916,0.4923776653606177,0.04923749007890664,0.49732098196963426,0.017242363442280677,0.49732098196963426,0.017242363442280677,0.49457076986301834,0.033417929414257135,-0.006427642120070964,0.03440081061712084,-0.00903513203883334,0.05821588585151824,0.5064676616915423,0.01655387026662392,0.49484932366512596,0.0332270607739363,abtype5_w90_t0.236
OGD_2,670.0,0.5061194029850746,0.01645788890999025,402.25,0.14024465084075927,0.49388059701492537,0.016457888909990243,0.49634974101103657,0.04504555400462887,0.4985914848448874,0.016106031261984514,0.4985914848448874,0.016106031261984514,0.4972547419538612,0.030624206928314388,-0.003851839030819382,0.03170544660829763,-0.004533746724132063,0.053828200890898854,0.5061194029850746,0.01645788890999025,0.497470612927962,0.030566478058645586,abtype5_w90_t0.236
OGD_2,737.0,0.5029850746268656,0.01591107977372974,443.5,0.1578829288482666,0.49701492537313435,0.01591107977372973,0.49866316198580335,0.04458196332942858,0.4990867876174142,0.015798067677471234,0.4990867876174142,0.015798067677471234,0.49866544312920513,0.030208975058621957,-0.0027596704338542556,0.0313527809725167,-0.0023321791669409803,0.053046084824929354,0.5029850746268656,0.01591107977372974,0.4988749748016087,0.030184233674438725,abtype5_w90_t0.236
OGD_2,804.0,0.5036691542288556,0.013450530772056865,486.8,0.17565444707870484,0.49633084577114434,0.013450530772056856,0.4969023717704107,0.04353515985039445,0.49854154259697925,0.015599952254728844,0.49854154259697925,0.015599952254728844,0.49751922112873925,0.029662515456729693,-0.0038267419526684054,0.031055537075062412,-0.004293906337480139,0.052102730222682914,0.5036691542288556,0.013450530772056865,0.49772195718369494,0.02956433324146292,abtype5_w90_t0.236
OGD_2,871.0,0.502755453501722,0.012284730195177954,530.15,0.19227359294891358,0.4972445464982779,0.012284730195177963,0.49838673900593927,0.04433380661309875,0.4992557436827318,0.016038555477536333,0.4992557436827318,0.016038555477536333,0.4986140026239515,0.030288891347138625,-0.002429408034055003,0.0318304157433003,-0.002206763146389545,0.05332473184124194,0.502755453501722,0.012284730195177954,0.4988212413443354,0.03018492473902949,abtype5_w90_t0.236
OGD_2,938.0,0.5029317697228145,0.01076112347745798,573.75,0.20917141437530518,0.49706823027718555,0.01076112347745798,0.4996977531634587,0.04481470576170725,0.49981302940606315,0.015939359627848756,0.49981302940606315,0.015939359627848756,0.4995419820675391,0.030453864582236034,-0.001258178138997268,0.03141143952077774,-0.0004917547092526765,0.053448217015134226,0.5029317697228145,0.01076112347745798,0.4997553912847611,0.030375915120818508,abtype5_w90_t0.236
OGD_2,1000.0,0.5033000000000001,0.010359054010864129,615.15,0.22607121467590333,0.4967,0.01035905401086413,0.49794444444444447,0.041019831096798486,0.4992773962868415,0.014812520111021646,0.4992773962868415,0.014812520111021646,0.4984348009227574,0.027977831176856538,-0.0021786428065780792,0.029333966927542057,-0.002437750217145471,0.04929924080942008,0.5033000000000001,0.010359054010864129,0.4986109203656429,0.027916148894270822,abtype5_w90_t0.236
Gaussian_Kernel_OGD,67.0,0.805223880597015,0.11478718189026486,63.4,0.006239068508148193,0.19477611940298506,0.11478718189026488,0.48390544846682043,0.06364298443019197,0.3847093607499588,0.1532084151655347,0.3847093607499588,0.1532084151655347,0.41835724833669047,0.12006746216117387,-0.0038928127507735335,0.02982811608382123,-0.07292758398255236,0.1233202330665917,0.805223880597015,0.11478718189026486,0.4343074046083896,0.09229748353811691,abtype5_w90_t0.236
Gaussian_Kernel_OGD,134.0,0.8526119402985073,0.0613519531223492,125.4,0.028317415714263917,0.14738805970149255,0.06135195312234918,0.49214210867656627,0.03457152449143907,0.42109538388976836,0.11503444740057002,0.42109538388976836,0.11503444740057002,0.44866126655608307,0.08754002176873564,-0.0021739554842162946,0.015413675584522772,-0.04886050757468999,0.08353691245666185,0.8526119402985073,0.0613519531223492,0.45661874628316734,0.06684113454568588,abtype5_w90_t0.236
Gaussian_Kernel_OGD,201.0,0.8641791044776118,0.04683228099298989,188.35,0.04849009513854981,0.13582089552238807,0.04683228099298988,0.4971255010566411,0.02323253814468069,0.42649062443313684,0.11535318520157685,0.42649062443313684,0.11535318520157685,0.45361773684333906,0.08628149892197405,-0.001073421236292088,0.008942207037076365,-0.03465785918034013,0.06648890702862648,0.8641791044776118,0.04683228099298989,0.461808062744889,0.06370728745680969,abtype5_w90_t0.236
Gaussian_Kernel_OGD,268.0,0.8710820895522386,0.03178164933689567,250.0,0.06804983615875244,0.12891791044776119,0.03178164933689568,0.4981541390847018,0.017412984955842082,0.4292807855291006,0.1141828858369345,0.4292807855291006,0.1141828858369345,0.45564594158557215,0.08383513509437181,-0.0009628978074411321,0.006613201553637256,-0.02756298590892749,0.05419085180135628,0.8710820895522386,0.03178164933689567,0.46371746230690114,0.06109020195744181,abtype5_w90_t0.236
Gaussian_Kernel_OGD,335.0,0.875223880597015,0.027040887994371963,311.5,0.087800133228302,0.12477611940298508,0.027040887994371977,0.49909383830765963,0.014624137918182742,0.4304727877053674,0.1142326537520677,0.4304727877053674,0.1142326537520677,0.45668229604171895,0.08342981880797229,-0.00045800519445605704,0.005903735520742628,-0.02291983332642144,0.049177697702357366,0.875223880597015,0.027040887994371963,0.4647833130065135,0.06043351958119821,abtype5_w90_t0.236
Gaussian_Kernel_OGD,402.0,0.8792288557213931,0.022463595624652596,373.55,0.10840349197387696,0.12077114427860698,0.022463595624652596,0.49859323659295035,0.01160350896879758,0.4297708970778612,0.11277722511867554,0.4297708970778612,0.11277722511867554,0.45635822943947957,0.08077546695404851,-0.0005810877231318679,0.0047230848885905195,-0.022551620470110046,0.04374009176572392,0.8792288557213931,0.022463595624652596,0.46418206683540575,0.05887834506082591,abtype5_w90_t0.236
Gaussian_Kernel_OGD,469.0,0.8840085287846481,0.020366659166327596,436.2,0.1289406657218933,0.11599147121535178,0.020366659166327596,0.4985898856335128,0.010040376525202255,0.4288841101349262,0.11270572189438723,0.4288841101349262,0.11270572189438723,0.4558609389513001,0.08041498583587653,-0.0005227533464336632,0.004103111181761489,-0.021790689928913334,0.04099069076906353,0.8840085287846481,0.020366659166327596,0.46373699788421946,0.05848153828599624,abtype5_w90_t0.236
Gaussian_Kernel_OGD,536.0,0.8864738805970148,0.019364152803292543,498.9,0.1500605821609497,0.1135261194029851,0.01936415280329255,0.4978374385276426,0.009042456504554422,0.4260189910192361,0.1115539941001484,0.4260189910192361,0.1115539941001484,0.4539960583155489,0.07951059218954037,-0.0007685823203357423,0.0037318956537387474,-0.02362940880220539,0.03829115944245508,0.8864738805970148,0.019364152803292543,0.46192821477343937,0.057485571202284064,abtype5_w90_t0.236
Gaussian_Kernel_OGD,603.0,0.8864842454394694,0.018933636756199565,559.6,0.17211815118789672,0.11351575456053069,0.018933636756199572,0.49828618633946525,0.008141726336285562,0.426921988469328,0.11166645780790929,0.426921988469328,0.11166645780790929,0.45474395902746434,0.07912520430570423,-0.0005755501911244076,0.0035221561933366933,-0.021441131408039067,0.03654303189286555,0.8864842454394694,0.018933636756199565,0.4626040874043967,0.057408098222721325,abtype5_w90_t0.236
Gaussian_Kernel_OGD,670.0,0.8869402985074627,0.016198499967680365,621.2,0.1943425178527832,0.11305970149253733,0.016198499967680358,0.4985893131811916,0.007163442254675823,0.42740159574616365,0.11195253625857647,0.42740159574616365,0.11195253625857647,0.4551350668075038,0.07902822516014071,-0.0005118787471409036,0.003014535316061385,-0.019919254573532726,0.03456823804962759,0.8869402985074627,0.016198499967680365,0.46299545446367774,0.05739278689016505,abtype5_w90_t0.236
Gaussian_Kernel_OGD,737.0,0.8882632293080054,0.01384571006001815,683.2,0.2161465048789978,0.11173677069199459,0.013845710060018161,0.4987394602303792,0.006396869389497512,0.4273137047017368,0.11207104638026859,0.4273137047017368,0.11207104638026859,0.45510328145291873,0.07915478893877688,-0.00048264721193040373,0.0026316193980687607,-0.018984436773158524,0.032728747314883413,0.8882632293080054,0.01384571006001815,0.46302658246605793,0.05730048279267075,abtype5_w90_t0.236
Gaussian_Kernel_OGD,804.0,0.8894900497512438,0.012501546895695655,745.55,0.23746166229248047,0.11050995024875623,0.012501546895695652,0.4988549610004943,0.005778047735865342,0.427179356631017,0.11184301090569253,0.427179356631017,0.11184301090569253,0.4551111524134389,0.07883882308735206,-0.0004524679867844994,0.0023353156106010824,-0.018236391416185386,0.031075441632295905,0.8894900497512438,0.012501546895695655,0.46301715881575556,0.05706269467239279,abtype5_w90_t0.236
Gaussian_Kernel_OGD,871.0,0.8899540757749712,0.011132925161121004,807.05,0.259883189201355,0.11004592422502868,0.011132925161121,0.49897747789579017,0.005303235664755942,0.42735541312379555,0.11209268060269723,0.42735541312379555,0.11209268060269723,0.4551233225881548,0.07951017013801172,-0.00041494040038645986,0.0021435375860900537,-0.017259598174715313,0.029542307085006797,0.8899540757749712,0.011132925161121004,0.4631664455097928,0.05707375224233714,abtype5_w90_t0.236
Gaussian_Kernel_OGD,938.0,0.8905117270788911,0.011007688552487354,869.1,0.2803946971893311,0.10948827292110874,0.011007688552487361,0.4990854866838127,0.005103414743336489,0.42743156899060936,0.11239272806401246,0.42743156899060936,0.11239272806401246,0.45519547343267586,0.07959201619998588,-0.00034975110146289736,0.002105805191414941,-0.01654001570389562,0.029043912222315525,0.8905117270788911,0.011007688552487354,0.4632585278372111,0.05719265916413376,abtype5_w90_t0.236
Gaussian_Kernel_OGD,1000.0,0.8910500000000001,0.00977484015214572,926.9,0.30001312494277954,0.10894999999999999,0.009774840152145714,0.4991944444444444,0.004712326232182849,0.43634018835453353,0.10906665922681444,0.43634018835453353,0.10906665922681444,0.4602677086500682,0.07836337717383011,-0.0003120186619610388,0.0019281574836833995,-0.013896198157029773,0.02619847535855415,0.8910500000000001,0.00977484015214572,0.46776731639948893,0.0553509515742716,abtype5_w90_t0.236
OGD,67.0,0.4917910447761195,0.08016398319308463,42.4,0.0019411444664001465,0.5082089552238804,0.08016398319308463,0.49186015307945724,0.13186078925261882,0.5008994471978571,0.04018557051678757,0.5008994471978571,0.04018557051678757,0.4936200323951129,0.087462629199405,0.004715952762872721,0.07949811026498987,-0.0013779153731359045,0.14043038256550985,0.4917910447761195,0.08016398319308463,0.4963798001386571,0.08496776748306688,abtype5_w90_t0.236
OGD,134.0,0.4906716417910448,0.050881897331492794,84.0,0.017486190795898436,0.5093283582089553,0.05088189733149279,0.49488646062727637,0.0930026759164724,0.4994995803673169,0.0287896997042346,0.4994995803673169,0.0287896997042346,0.4960592451479763,0.060993517188546884,0.000328772484560319,0.05684925292643812,-0.0032103686691653185,0.10196836218680702,0.4906716417910448,0.050881897331492794,0.4971930204972967,0.06057465101575306,abtype5_w90_t0.236
OGD,201.0,0.4915422885572139,0.03820169914517905,126.5,0.03296058177947998,0.5084577114427862,0.03820169914517904,0.4969531058441209,0.0791270513757797,0.5002582453188938,0.026637104557506265,0.5002582453188938,0.026637104557506265,0.4979020558220829,0.0527118439056676,0.0008330837547771807,0.05321707100384652,-0.0012651267425387836,0.09119034953033042,0.4915422885572139,0.03820169914517905,0.4986056755815074,0.05275139687133389,abtype5_w90_t0.236
OGD,268.0,0.4945895522388059,0.03369539343697889,171.5,0.048834919929504395,0.505410447761194,0.03369539343697889,0.4999648969849206,0.06887482095386727,0.5002212992294278,0.024097743675191168,0.5002212992294278,0.024097743675191168,0.4995913832434429,0.046302027847358984,0.00010320294546746767,0.047752132397091245,0.00032071403981299984,0.08105070443435353,0.4945895522388059,0.03369539343697889,0.5000930981071743,0.04639266515733657,abtype5_w90_t0.236
OGD,335.0,0.49865671641791043,0.03368607449761746,215.8,0.06490106582641601,0.5013432835820896,0.03368607449761746,0.4959288848383201,0.062093267276117706,0.49835503923597263,0.02104763655190448,0.49835503923597263,0.02104763655190448,0.49671214106227,0.04147574525356957,-0.0033809140680253315,0.0414665196814859,-0.005236276161555987,0.07195475908783275,0.49865671641791043,0.03368607449761746,0.49714196203714633,0.04149589186818656,abtype5_w90_t0.236
OGD,402.0,0.4983830845771144,0.03160550306613962,262.6,0.07935494184494019,0.5016169154228856,0.031605503066139615,0.5018491761168887,0.05369000738840422,0.5001418735501282,0.017627938213854943,0.5001418735501282,0.017627938213854943,0.5006781336740973,0.03535806174387696,0.0002094773717721765,0.03472806301705367,0.001275483150547909,0.061085334470255825,0.4983830845771144,0.03160550306613962,0.5009955248335085,0.035564585169036246,abtype5_w90_t0.236
OGD,469.0,0.49637526652452024,0.02991616347065393,308.25,0.09361569881439209,0.5036247334754798,0.029916163470653907,0.5086655533206488,0.05409598317175595,0.5025219082793474,0.017386266283398854,0.5025219082793474,0.017386266283398854,0.5052659596898819,0.03534501186050659,0.0050951736901962644,0.03472453948979237,0.009325808758189096,0.06090932301413326,0.49637526652452024,0.02991616347065393,0.5055937307999981,0.035649012464528326,abtype5_w90_t0.236
OGD,536.0,0.5002798507462687,0.025018614978762472,355.9,0.10904351472854615,0.49972014925373137,0.02501861497876248,0.5071888614921617,0.050333961789074406,0.5015886332487275,0.0158749741452148,0.5015886332487275,0.0158749741452148,0.5041041228537441,0.03257659413512302,0.003086414008194005,0.03140538257016476,0.00681287676389841,0.05592316052200747,0.5002798507462687,0.025018614978762472,0.5043887473704446,0.03297570761563158,abtype5_w90_t0.236
OGD,603.0,0.49792703150912104,0.025583488371301373,402.65,0.12486568689346314,0.5020729684908789,0.025583488371301366,0.506871164692676,0.045933713443039634,0.5019550101418501,0.015085628549144926,0.5019550101418501,0.015085628549144926,0.504184229904143,0.03017308372850184,0.0039003031062367854,0.030123711578944955,0.007303513487124796,0.0523728907410585,0.49792703150912104,0.025583488371301373,0.504413087417263,0.030449738598979724,abtype5_w90_t0.236
OGD,670.0,0.4964925373134329,0.022264709945954846,449.7,0.14019529819488524,0.5035074626865671,0.02226470994595485,0.5073517963563127,0.04083146460857949,0.5022798142529199,0.013568208768944465,0.5022798142529199,0.013568208768944465,0.5046364734142056,0.026919047451233837,0.004511260778854798,0.027008706729537046,0.008166144845996159,0.046909642103954645,0.4964925373134329,0.022264709945954846,0.5048158053046163,0.027163318800486346,abtype5_w90_t0.236
OGD,737.0,0.49599728629579365,0.021524289382133133,496.95,0.15792914628982543,0.5040027137042064,0.021524289382133143,0.5098638624248126,0.03931494056575989,0.5033811620008064,0.013509094352725206,0.5033811620008064,0.013509094352725206,0.5064570104770835,0.02620232869409074,0.006748433823462951,0.02659370584166811,0.011533425491361316,0.04602166019069833,0.49599728629579365,0.021524289382133133,0.5066225122128095,0.026395852436664143,abtype5_w90_t0.236
OGD,804.0,0.4965796019900498,0.019086569621654885,545.45,0.17386616468429567,0.5034203980099502,0.019086569621654892,0.5090030937500406,0.03756133447302573,0.5032131366139189,0.013370094785256028,0.5032131366139189,0.013370094785256028,0.5059631997687393,0.02529153942493548,0.0063422751830216175,0.026535556613239083,0.010749487383353143,0.044784748965390565,0.4965796019900498,0.019086569621654885,0.5061081151819797,0.025457658725207836,abtype5_w90_t0.236
OGD,871.0,0.49936854190585545,0.018446577752698912,597.25,0.18997381925582885,0.5006314580941448,0.01844657775269892,0.5054304001718484,0.0402642028614574,0.5019754613366103,0.01445972863619057,0.5019754613366103,0.01445972863619057,0.5035440011830652,0.027181998213570834,0.0037584302713993102,0.02851078937318085,0.006545914299762051,0.0482401969979001,0.49936854190585545,0.018446577752698912,0.5037029307542293,0.027357894168526867,abtype5_w90_t0.236
OGD,938.0,0.4989339019189766,0.0177049332007836,648.15,0.20609900951385499,0.5010660980810234,0.01770493320078361,0.5062215536261848,0.036787548368352754,0.5021965036103211,0.013211006065776163,0.5021965036103211,0.013211006065776163,0.5040740680257614,0.024854973600391964,0.00426161280624659,0.026226020986155375,0.00739014298292492,0.044079636892154,0.4989339019189766,0.0177049332007836,0.504209028618253,0.024996686616162417,abtype5_w90_t0.236
OGD,1000.0,0.49960000000000004,0.017439610087384417,695.4,0.22186837196350098,0.5004,0.017439610087384424,0.5042222222222222,0.0360869149706478,0.5015230328060315,0.013002643140514442,0.5015230328060315,0.013002643140514442,0.5027440705310733,0.024427092448641576,0.0029479260602690237,0.025866321259582947,0.005071718771059859,0.04332321330174931,0.49960000000000004,0.017439610087384417,0.5028726275141268,0.024544778293261935,abtype5_w90_t0.236
PA,67.0,0.4843283582089552,0.05866165335647712,52.0,0.00318453311920166,0.5156716417910449,0.058661653356477106,0.5996155559659424,0.10837909331877703,0.5399286402608626,0.03976880024850566,0.5399286402608626,0.03976880024850566,0.5679674123842904,0.07301397803106255,0.07508962965025015,0.07728219006515756,0.1257208735474237,0.12952976327690388,0.4843283582089552,0.05866165335647712,0.5697720981134025,0.07359416884977175,abtype5_w90_t0.236
PA,134.0,0.4832089552238806,0.025403296383381086,97.25,0.018352055549621583,0.5167910447761195,0.025403296383381076,0.6300808307621384,0.05561803644855631,0.546148227811123,0.02271070874033811,0.546148227811123,0.02271070874033811,0.5863920295003249,0.03713513721293829,0.08559981282897426,0.04023642363780477,0.15424098377190337,0.06848448355566707,0.4832089552238806,0.025403296383381086,0.5881145292866307,0.038220889012241355,abtype5_w90_t0.236
PA,201.0,0.4763681592039801,0.02673984723614037,142.1,0.03349659442901611,0.5236318407960199,0.026739847236140354,0.6470790450982226,0.04441470271439005,0.554187276442791,0.018597371940870525,0.554187276442791,0.018597371940870525,0.5987062171940407,0.029952938925077315,0.10120415209968434,0.0344174071626397,0.17808424397577463,0.0560233093786741,0.4763681592039801,0.02673984723614037,0.6006331607705068,0.030843179481197528,abtype5_w90_t0.236
PA,268.0,0.4742537313432836,0.018727477748253136,186.4,0.048634564876556395,0.5257462686567164,0.018727477748253132,0.6578249425205165,0.02874971823611054,0.5572103267652763,0.012713350673586614,0.5572103267652763,0.012713350673586614,0.6053624819420216,0.019065911936364612,0.1067236848055341,0.022769405782248554,0.18955334929862472,0.03616577611453704,0.4742537313432836,0.018727477748253136,0.6075176346428963,0.01967841656188714,abtype5_w90_t0.236
PA,335.0,0.47194029850746266,0.020935994919521174,229.4,0.06374989748001099,0.5280597014925372,0.020935994919521167,0.6607555586056525,0.03128496914734069,0.5580329288186336,0.013889510611754611,0.5580329288186336,0.013889510611754611,0.6071617968568181,0.021254301124081658,0.10854690678295609,0.025264533042558636,0.1927831399693104,0.04057656478429695,0.47194029850746266,0.020935994919521174,0.609394243712143,0.02190510416045532,abtype5_w90_t0.236
PA,402.0,0.47064676616915424,0.016790584110135526,273.35,0.07881321907043456,0.5293532338308459,0.016790584110135526,0.6609858842275077,0.028767144284684108,0.5588168472408719,0.012308372049586161,0.5588168472408719,0.012308372049586161,0.6077003431371852,0.019258131565673305,0.1101655428706074,0.021960567345263395,0.19430248759596097,0.03637871766674398,0.47064676616915424,0.016790584110135526,0.6099013657341896,0.019875325055470572,abtype5_w90_t0.236
PA,469.0,0.46972281449893394,0.013786919539724688,315.85,0.09436793327331543,0.5302771855010662,0.013786919539724711,0.6632485227770211,0.026224904662562942,0.5595844675122302,0.011975708114432878,0.5595844675122302,0.011975708114432878,0.6091722251149173,0.01800917157561483,0.11164302350350566,0.021201515944801002,0.19695803356292396,0.03467092276996594,0.46972281449893394,0.013786919539724688,0.6114164951446257,0.01853564499212276,abtype5_w90_t0.236
PA,536.0,0.4719216417910448,0.01214085014563869,360.3,0.1104012370109558,0.5280783582089552,0.012140850145638687,0.6608235925426376,0.02405246097083389,0.5587240585132289,0.0106848426526633,0.5587240585132289,0.0106848426526633,0.6075992435660337,0.016478139196225,0.10961603582057189,0.01814335288566235,0.1941683754559117,0.03157244486297105,0.4719216417910448,0.01214085014563869,0.6097738255279332,0.016980483463444343,abtype5_w90_t0.236
PA,603.0,0.4721393034825871,0.01187910429124128,404.05,0.12692029476165773,0.5278606965174129,0.011879104291241263,0.6612936202958142,0.01869875065500335,0.5589961680891491,0.008383746319532748,0.5589961680891491,0.008383746319532748,0.6079754260331531,0.012786779873233787,0.1102015469392746,0.014236195549562654,0.19497536323351913,0.02440312604795928,0.4721393034825871,0.01187910429124128,0.6101448941924816,0.013171672478537325,abtype5_w90_t0.236
PA,670.0,0.46858208955223885,0.009769851015325768,445.3,0.14368568658828734,0.5314179104477612,0.009769851015325761,0.6639586077771765,0.016014200313355487,0.5602460622846486,0.006703424492005272,0.5602460622846486,0.006703424492005272,0.6098850918021285,0.010707514028954519,0.11308035775902522,0.010108137190381776,0.1987054638039831,0.020117225640673957,0.46858208955223885,0.009769851015325768,0.6121023350309124,0.01106742489941945,abtype5_w90_t0.236
PA,737.0,0.46913161465400266,0.009251254060271412,487.9,0.15988376140594482,0.5308683853459973,0.009251254060271413,0.6652755927740459,0.01608485951299945,0.5597369237652446,0.006153619149389411,0.5597369237652446,0.006153619149389411,0.6102113365580715,0.010487932309532481,0.11223445762252085,0.009938860512283963,0.19867496032101606,0.019357557059978547,0.46913161465400266,0.009251254060271412,0.6125062582696453,0.0108823963300235,abtype5_w90_t0.236
PA,804.0,0.46896766169154225,0.010959927718451131,530.25,0.1757306218147278,0.5310323383084576,0.01095992771845113,0.6647205941803456,0.013651370804552612,0.5595312749009052,0.005850216506785245,0.5595312749009052,0.005850216506785245,0.6098493038062839,0.009115261522249396,0.11200651505614578,0.010102232228282399,0.19798351223068053,0.017199886767500287,0.46896766169154225,0.010959927718451131,0.6121259345406252,0.009423171175935179,abtype5_w90_t0.236
PA,871.0,0.468828932261768,0.01079631428254184,573.9,0.1919919490814209,0.531171067738232,0.010796314282541842,0.6664905949772003,0.013240049934086326,0.5602918574772826,0.004826236691471908,0.5602918574772826,0.004826236691471908,0.6110767011922682,0.008562560338159561,0.11330562655218575,0.00827799373565368,0.20035517854866086,0.01565586912456471,0.468828932261768,0.01079631428254184,0.6133912262272416,0.008890851198958992,abtype5_w90_t0.236
PA,938.0,0.46929637526652446,0.010350489266541557,618.35,0.20841537714004515,0.5307036247334755,0.010350489266541566,0.6670193418041728,0.014575649301913886,0.5604017375766742,0.005405772564604103,0.5604017375766742,0.005405772564604103,0.6113779621901385,0.009565025763074985,0.11334968541774204,0.009243152683849199,0.2008656535998358,0.017573841944092092,0.46929637526652446,0.010350489266541557,0.6137105396904234,0.009913127410234996,abtype5_w90_t0.236
PA,1000.0,0.4699,0.010084145972763369,658.85,0.22501590251922607,0.5300999999999999,0.010084145972763393,0.6671666666666666,0.013236803351374636,0.560574799035557,0.004883910156558605,0.560574799035557,0.004883910156558605,0.6115431447257527,0.008739601974182736,0.1135084630207526,0.008432653376361603,0.20125652567523145,0.016077110549099598,0.4699,0.010084145972763369,0.6138707328511118,0.009058454187419894,abtype5_w90_t0.236
PA1,67.0,0.4888059701492538,0.0521053732976453,54.95,0.004215764999389649,0.5111940298507462,0.05210537329764531,0.5875066187864342,0.10294190383858592,0.5357578588166091,0.03861486256066217,0.5357578588166091,0.03861486256066217,0.5600159494427828,0.06851637619145456,0.06802959283400409,0.07182107385329989,0.11123185576925627,0.11978292366978703,0.4888059701492538,0.0521053732976453,0.5616322388015217,0.0692644963287479,abtype5_w90_t0.236
PA1,134.0,0.4794776119402986,0.046056023203646435,101.9,0.02124427556991577,0.5205223880597014,0.04605602320364642,0.6254038445646745,0.07789790975889911,0.5483270057912011,0.033160152641295876,0.5483270057912011,0.033160152641295876,0.5851801872991964,0.0541593136480017,0.0920511022070872,0.061317302139706584,0.1549279380927849,0.10005980579607257,0.4794776119402986,0.046056023203646435,0.5868654251779377,0.0548958349781261,abtype5_w90_t0.236
PA1,201.0,0.4830845771144279,0.035175923729977174,148.95,0.038033807277679445,0.5169154228855721,0.03517592372997719,0.6432607547995786,0.053060101989867256,0.5540804982262134,0.024371727906779057,0.5540804982262134,0.024371727906779057,0.5968363422726981,0.03734324964493218,0.09974824440779625,0.0439981335013826,0.17541752803240768,0.07056015740772432,0.4830845771144279,0.035175923729977174,0.598670626512896,0.03804323865646049,abtype5_w90_t0.236
PA1,268.0,0.48022388059701493,0.027064459411624765,193.15,0.05456594228744507,0.5197761194029851,0.027064459411624765,0.6518369254217492,0.04019413567210041,0.5559937467562204,0.020023692963832683,0.5559937467562204,0.020023692963832683,0.6019349738267279,0.028920975534395543,0.1035919432039353,0.03667733808242028,0.18389208553933512,0.05631073331642335,0.48022388059701493,0.027064459411624765,0.6039153360889847,0.02960692075782168,abtype5_w90_t0.236
PA1,335.0,0.4802985074626866,0.026004437820623498,238.15,0.07119832038879395,0.5197014925373133,0.026004437820623505,0.6533264806188998,0.03653560424380177,0.5567757087738715,0.018527375760908044,0.5567757087738715,0.018527375760908044,0.6030617392695637,0.02640417482423588,0.10501049470674209,0.03466017819632817,0.18615970029842277,0.05160188441500223,0.4802985074626866,0.026004437820623498,0.6050510946963856,0.02704981078192561,abtype5_w90_t0.236
PA1,402.0,0.476865671641791,0.02517358857303649,280.4,0.0875802755355835,0.523134328358209,0.025173588573036487,0.6559909852755145,0.034803780460176424,0.5563068462662615,0.01653080267928296,0.5563068462662615,0.01653080267928296,0.6040419751551089,0.024684276188843494,0.10522873175003214,0.03162673571323126,0.18716405897810137,0.04772878486091636,0.476865671641791,0.02517358857303649,0.6061489157708879,0.025357743672339925,abtype5_w90_t0.236
PA1,469.0,0.4750533049040512,0.024659841867464317,323.7,0.10425699949264526,0.5249466950959488,0.024659841867464335,0.6591873776049901,0.0328115469439705,0.5580447845381785,0.015877596910060434,0.5580447845381785,0.015877596910060434,0.6064673019686346,0.02350617621884233,0.10851938734717444,0.030414917721291308,0.1920088060873948,0.045703487927522594,0.4750533049040512,0.024659841867464317,0.6086160810715844,0.02411844128390174,abtype5_w90_t0.236
PA1,536.0,0.47705223880597014,0.023599824476128566,368.15,0.12066836357116699,0.52294776119403,0.02359982447612855,0.6537070522315372,0.037016926845040196,0.5558278339258806,0.016066697274474743,0.5558278339258806,0.016066697274474743,0.602717954673433,0.02561678696308515,0.10439681338860327,0.03044236817227607,0.18511384187942342,0.048617937738635056,0.47705223880597014,0.023599824476128566,0.604767443078709,0.026370187838645538,abtype5_w90_t0.236
PA1,603.0,0.47736318407960204,0.02238053432887255,412.35,0.1372700810432434,0.5226368159203979,0.022380534328872544,0.6554073882836957,0.03776316148141983,0.5566166803446697,0.01629552284813388,0.5566166803446697,0.01629552284813388,0.6039246895766096,0.026087372462691792,0.10552721947751002,0.030673147494230522,0.18744780722247106,0.049371135692855256,0.47736318407960204,0.02238053432887255,0.6060120343141828,0.026839310324165363,abtype5_w90_t0.236
PA1,670.0,0.47753731343283573,0.021497071453737637,456.65,0.15354896783828736,0.5224626865671642,0.021497071453737648,0.6544393515868266,0.03503334432216528,0.5561589173748984,0.014649303966049536,0.5561589173748984,0.014649303966049536,0.6032388457507051,0.023984728815462028,0.10472135026015898,0.02779173417027675,0.18615962743569286,0.04513916420947948,0.47753731343283573,0.021497071453737637,0.6052991344808626,0.024708901568833798,abtype5_w90_t0.236
PA1,737.0,0.47611940298507455,0.02051450895544431,499.85,0.16972821950912476,0.5238805970149253,0.020514508955444294,0.6578063733765372,0.03137219055954187,0.5574581239299199,0.013095072886235178,0.5574581239299199,0.013095072886235178,0.6055086263257389,0.021475740387949242,0.10718273316508205,0.025173867430012237,0.1903819379425882,0.040414589106971384,0.47611940298507455,0.02051450895544431,0.6076322486532285,0.022138708246699203,abtype5_w90_t0.236
PA1,804.0,0.4762437810945273,0.019935060160391437,543.6,0.18627187013626098,0.5237562189054727,0.019935060160391434,0.6585951897291545,0.028269545846211747,0.5573937727631788,0.011395988422464308,0.5573937727631788,0.011395988422464308,0.6058430476202475,0.01910669102445689,0.1070490571515533,0.02213179915145276,0.190761685260704,0.03571428871759536,0.4762437810945273,0.019935060160391437,0.6079944812461667,0.019729728230725583,abtype5_w90_t0.236
PA1,871.0,0.4765212399540758,0.01899230112354303,588.3,0.2031147837638855,0.5234787600459242,0.018992301123543023,0.6580172537830111,0.024812081410915253,0.5571511395742668,0.009383162090627293,0.5571511395742668,0.009383162090627293,0.6054524502108499,0.0164524949054604,0.10661389724563557,0.018808607732274184,0.190037240670624,0.03037230092507338,0.4765212399540758,0.01899230112354303,0.6075841966786389,0.017031335936769847,abtype5_w90_t0.236
PA1,938.0,0.475,0.016593072606071863,630.4,0.220111882686615,0.5249999999999999,0.016593072606071863,0.6603503321592274,0.020703144532387016,0.55806338357699,0.007144384551120398,0.55806338357699,0.007144384551120398,0.6070282552823221,0.013329902363016918,0.1084118447614731,0.01465683883275062,0.19295964299149876,0.024147478886799235,0.475,0.016593072606071863,0.6092068578681088,0.01384701247943698,abtype5_w90_t0.236
PA1,1000.0,0.47404999999999997,0.016283350392348617,669.9,0.2374727964401245,0.52595,0.016283350392348635,0.6621944444444445,0.019466237787005666,0.5588001248759111,0.006888020977087302,0.5588001248759111,0.006888020977087302,0.608282191828575,0.012693568426500334,0.1098712561094187,0.01446713973111908,0.19531503568977254,0.023158248929626642,0.47404999999999997,0.016283350392348617,0.6104972846601779,0.013175791262085094,abtype5_w90_t0.236
PA2,67.0,0.5007462686567163,0.07242651694253163,53.45,0.0037058711051940916,0.49925373134328366,0.07242651694253163,0.6141498301264876,0.07948521129628651,0.5427614096823292,0.03799735772054199,0.5427614096823292,0.03799735772054199,0.5769643666340953,0.056703603221318385,0.0785297808252209,0.07850650618861639,0.13794303264419758,0.10752653654955308,0.5007462686567163,0.07242651694253163,0.5784556199044084,0.05765067403086964,abtype5_w90_t0.236
PA2,134.0,0.4906716417910448,0.05158843546854494,100.15,0.021545672416687013,0.5093283582089553,0.05158843546854494,0.6357609167303201,0.0602854283116176,0.5480171228281058,0.025516145779420553,0.5480171228281058,0.025516145779420553,0.5900388024675645,0.041231408253565395,0.08879950449013832,0.050461134922763606,0.16082045830146807,0.07722674957922854,0.4906716417910448,0.05158843546854494,0.5918890197792129,0.04231224605180321,abtype5_w90_t0.236
PA2,201.0,0.48407960199004985,0.04513674565990673,145.55,0.03770815134048462,0.5159203980099502,0.04513674565990675,0.651829775270621,0.05289671192248687,0.5557914429738776,0.02205733025297485,0.5557914429738776,0.02205733025297485,0.6017333859217027,0.03582479142569243,0.10264852756532025,0.04411033674091852,0.1836747909695973,0.06698558298053209,0.48407960199004985,0.04513674565990673,0.6038106091222494,0.03692807886652049,abtype5_w90_t0.236
PA2,268.0,0.47798507462686574,0.033141807008636816,189.5,0.054875290393829344,0.5220149253731343,0.0331418070086368,0.6536555074495806,0.030455741110558033,0.5579136576580142,0.014759600130213277,0.5579136576580142,0.014759600130213277,0.6038462927874575,0.021665031456325708,0.10730080935199245,0.02903824079607214,0.18843197393557648,0.041880026124524385,0.47798507462686574,0.033141807008636816,0.6057845825537973,0.022238287624694465,abtype5_w90_t0.236
PA2,335.0,0.4741791044776119,0.029765175859021355,232.35,0.07155330181121826,0.5258208955223881,0.029765175859021345,0.6603546197672016,0.025794393817427225,0.5605580451037806,0.013211789457722707,0.5605580451037806,0.013211789457722707,0.608381719129205,0.01859873622798179,0.1122853361727075,0.025710306995311724,0.19683078185608646,0.03645860956614975,0.4741791044776119,0.029765175859021355,0.6104563324354911,0.019066796984206352,abtype5_w90_t0.236
PA2,402.0,0.4776119402985074,0.023742865669631852,276.05,0.08897675275802612,0.5223880597014927,0.02374286566963186,0.6613329878078508,0.02328634478070648,0.5589896670636694,0.011394597468544862,0.5589896670636694,0.011394597468544862,0.6079867421541312,0.016593216175546273,0.10900868531242813,0.021963746872288692,0.19494110963214445,0.032334314053602785,0.4776119402985074,0.023742865669631852,0.6101613274357602,0.017043358496319078,abtype5_w90_t0.236
PA2,469.0,0.47921108742004276,0.02095499781625177,320.0,0.10622305870056152,0.5207889125799572,0.02095499781625179,0.6578724283625651,0.024575350130750392,0.5571189097868554,0.011482403786614328,0.5571189097868554,0.011482403786614328,0.6053761666735452,0.01735438141432508,0.10557448492510375,0.021386357573696693,0.18980158337490735,0.03344538192421099,0.47921108742004276,0.02095499781625177,0.6074956690747103,0.017835419504882846,abtype5_w90_t0.236
PA2,536.0,0.4751865671641792,0.019008804574986184,362.95,0.1238627552986145,0.5248134328358209,0.019008804574986184,0.6618139947585624,0.024572238085183076,0.5594622463033707,0.011160677417834521,0.5594622463033707,0.011160677417834521,0.6084589289771364,0.01708717018198561,0.1102996885420513,0.02086449854040265,0.19605413724952642,0.03266881832581776,0.4751865671641792,0.019008804574986184,0.6106381205309667,0.0175851257696571,abtype5_w90_t0.236
PA2,603.0,0.4759535655058043,0.01509029939114736,406.3,0.14171392917633058,0.5240464344941957,0.015090299391147371,0.6633696563497983,0.02194320605480488,0.559686374502494,0.009026057766694668,0.559686374502494,0.009026057766694668,0.6093002898989521,0.014838578901534638,0.11052066885826702,0.016616787672955272,0.1974365400967087,0.02783626607706525,0.4759535655058043,0.01509029939114736,0.6115280154261461,0.015322463619894387,abtype5_w90_t0.236
PA2,670.0,0.47611940298507466,0.011541859659212662,449.65,0.1602187991142273,0.5238805970149254,0.011541859659212651,0.662308216959824,0.02272875931141497,0.5592458597473643,0.008944825683595862,0.5592458597473643,0.008944825683595862,0.6085697312593336,0.015188158851308085,0.10970292342031791,0.015651841007553905,0.19607538981845815,0.028239688216467367,0.47611940298507466,0.011541859659212662,0.6107770383535941,0.015699887994543943,abtype5_w90_t0.236
PA2,737.0,0.476797829036635,0.012468282233552395,494.95,0.17890470027923583,0.523202170963365,0.01246828223355238,0.6621482541216386,0.01824841094608822,0.5590907846115214,0.0068810944227883095,0.5590907846115214,0.0068810944227883095,0.608420714654505,0.011992779198013571,0.1092940013296253,0.011717124479992399,0.1957341539786603,0.022100556425156934,0.476797829036635,0.012468282233552395,0.61061951936658,0.01242543417412856,abtype5_w90_t0.236
PA2,804.0,0.47580845771144287,0.013363992327646429,537.6,0.19855059385299684,0.5241915422885571,0.013363992327646432,0.6629692016855241,0.016677872209450034,0.5590907914815694,0.005942319097879767,0.5590907914815694,0.005942319097879767,0.6087988138619392,0.010705928020596897,0.10965547536564854,0.011003417746973295,0.19622323377139025,0.019465528815240087,0.47580845771144287,0.013363992327646429,0.6110299965835466,0.011121336364628486,abtype5_w90_t0.236
PA2,871.0,0.47680826636050516,0.013265961816888942,582.95,0.21817797422409058,0.5231917336394949,0.013265961816888931,0.6627793286576477,0.015062551403791598,0.5596482159786902,0.00489323823149127,0.5596482159786902,0.00489323823149127,0.6090182819706549,0.009489282251867126,0.11035814195543218,0.009545446654434856,0.19705245473869631,0.01698522350024452,0.47680826636050516,0.013265961816888942,0.6112137723181689,0.00988578522243527,abtype5_w90_t0.236
PA2,938.0,0.477771855010661,0.012323812533218107,626.95,0.23764586448669434,0.5222281449893391,0.012323812533218112,0.6622911909931933,0.015096129950149185,0.5590355594648945,0.004706721277108114,0.5590355594648945,0.004706721277108114,0.6084602097454522,0.009430328943876683,0.10910573159166323,0.008783885314096681,0.19574719888461165,0.016750074702222964,0.477771855010661,0.012323812533218107,0.6106633752290439,0.009835004937576688,abtype5_w90_t0.236
PA2,1000.0,0.4772999999999999,0.01256224502228801,666.8,0.2554713249206543,0.5227000000000002,0.012562245022288025,0.6623888888888889,0.016256147934828005,0.5589827524953912,0.005907716167073016,0.5589827524953912,0.005907716167073016,0.6084783071447835,0.010677630388738106,0.10915153246859748,0.01114957449648693,0.19573527465875146,0.01959254224705841,0.4772999999999999,0.01256224502228801,0.6106858206921402,0.011078796212131042,abtype5_w90_t0.236
PA1_Csplit,67.0,0.5126865671641792,0.05919091373015948,65.5,0.004354047775268555,0.48731343283582096,0.05919091373015949,0.5064107456258566,0.1407645525598537,0.5056042555011414,0.03769164956303737,0.5056042555011414,0.03769164956303737,0.5024990786981,0.0902844152868951,0.009037297003176414,0.06892358200723439,0.013395745008488644,0.13570906641125552,0.5126865671641792,0.05919091373015948,0.5060075005634991,0.08726634966662679,abtype5_w90_t0.236
PA1_Csplit,134.0,0.48992537313432843,0.04832197601511959,126.6,0.02160693407058716,0.5100746268656715,0.04832197601511958,0.5723154665761054,0.06922786680797267,0.5241586960566158,0.02206010544843312,0.5241586960566158,0.02206010544843312,0.5472285827951195,0.04451600205010752,0.04614406969679941,0.042202028445402336,0.08306020556735398,0.07691464133432498,0.48992537313432843,0.04832197601511959,0.5482370813163605,0.04525616240085128,abtype5_w90_t0.236
PA1_Csplit,201.0,0.4868159203980099,0.035083446899222104,186.05,0.03937109708786011,0.51318407960199,0.0350834468992221,0.5850384018545683,0.058419620786680525,0.5287860733974311,0.019233859283389276,0.5287860733974311,0.019233859283389276,0.5558963332590299,0.03780587891555812,0.05507332033172028,0.03796957185805643,0.09861918289666619,0.06652351092992598,0.4868159203980099,0.035083446899222104,0.5569122376259997,0.038608646867787685,abtype5_w90_t0.236
PA1_Csplit,268.0,0.48302238805970144,0.03283741091808357,244.55,0.055521273612976076,0.5169776119402986,0.03283741091808358,0.601519930358121,0.05023766110833653,0.5359619804504063,0.017991124037181862,0.5359619804504063,0.017991124037181862,0.5675813237426398,0.03310332833711368,0.06922468646484514,0.03606313293408037,0.12047899395682074,0.059148525187584025,0.48302238805970144,0.03283741091808357,0.5687409554042638,0.03373668494526239,abtype5_w90_t0.236
PA1_Csplit,335.0,0.48223880597014934,0.028825297050606286,302.25,0.07232499122619629,0.5177611940298508,0.028825297050606286,0.6092017146521738,0.048546391156120756,0.5376256697564242,0.016237403661272763,0.5376256697564242,0.016237403661272763,0.5720756249568983,0.03155324589108432,0.07225243427256493,0.031898557275287356,0.1278894614514669,0.055263268242243736,0.48223880597014934,0.028825297050606286,0.5734136922042989,0.032045676973838734,abtype5_w90_t0.236
PA1_Csplit,402.0,0.48022388059701493,0.029237851902316377,358.75,0.08949605226516724,0.519776119402985,0.029237851902316387,0.6163219696521028,0.044300553644971,0.5397078853560823,0.015444556426185321,0.5397078853560823,0.015444556426185321,0.5765824730264838,0.028791659983709698,0.07640771651018737,0.03053029724574164,0.13564444497586686,0.05144031565448785,0.48022388059701493,0.029237851902316377,0.5780149275040926,0.029521328177675155,abtype5_w90_t0.236
PA1_Csplit,469.0,0.47803837953091677,0.025242897376458403,415.75,0.10623316764831543,0.5219616204690831,0.02524289737645841,0.6187046162623493,0.033470312371036356,0.5409915116418326,0.011253411444171881,0.5409915116418326,0.011253411444171881,0.5784512801140902,0.02131566860507673,0.07898421797683793,0.022556448361062287,0.13932880474827908,0.03789713886160917,0.47803837953091677,0.025242897376458403,0.579848063952091,0.022019833353546896,abtype5_w90_t0.236
PA1_Csplit,536.0,0.47705223880597014,0.023834639780454477,472.55,0.12200894355773925,0.5229477611940297,0.02383463978045448,0.6246472656893534,0.030857860209677748,0.5441388975254305,0.011899473028230812,0.5441388975254305,0.011899473028230812,0.5829382916068558,0.020484155879702027,0.08462865216945607,0.023260414042293908,0.1481938224938653,0.0375882215538729,0.47705223880597014,0.023834639780454477,0.5843930816073921,0.021079379339521438,abtype5_w90_t0.236
PA1_Csplit,603.0,0.4763681592039801,0.02242718159132303,528.8,0.13924338817596435,0.52363184079602,0.02242718159132302,0.6263500163965119,0.029992424397645906,0.5446933861471318,0.011336092712171553,0.5446933861471318,0.011336092712171553,0.5840349456461785,0.019846492128677437,0.08568007301178217,0.022289983550779536,0.15018231024849577,0.036349312842624354,0.4763681592039801,0.02242718159132303,0.5855217012718219,0.0204452427355924,abtype5_w90_t0.236
PA1_Csplit,670.0,0.47611940298507466,0.019448855079715735,584.65,0.15578548908233641,0.5238805970149254,0.01944885507971572,0.6280388512132679,0.03106123549877665,0.5455260876609708,0.012046585506089075,0.5455260876609708,0.012046585506089075,0.5852700453044634,0.020829412894023843,0.08703748808271847,0.023068605577222175,0.15262278033472695,0.0384183636196815,0.47611940298507466,0.019448855079715735,0.5867824694371194,0.021427473687614985,abtype5_w90_t0.236
PA1_Csplit,737.0,0.4754409769335142,0.018798156347177127,640.5,0.17259186506271362,0.5245590230664858,0.01879815634717711,0.6305414130644003,0.02931629114922217,0.5471629177948704,0.011421478180312066,0.5471629177948704,0.011421478180312066,0.5873210699635687,0.019675601964906635,0.08998139048091283,0.021790883157791915,0.15686052970932726,0.03631510214908194,0.4754409769335142,0.018798156347177127,0.5888521654296354,0.020239030588189655,abtype5_w90_t0.236
PA1_Csplit,804.0,0.4753109452736318,0.017342943019636597,694.5,0.18951405286788942,0.5246890547263682,0.017342943019636608,0.6322868526850509,0.02604416587090969,0.5473837710355773,0.00961808533096025,0.5473837710355773,0.00961808533096025,0.5882614612385494,0.017185362546076503,0.09042496645272805,0.018630348498904593,0.15830091674729796,0.031418245863221915,0.4753109452736318,0.017342943019636597,0.5898353118603141,0.017730267003998566,abtype5_w90_t0.236
PA1_Csplit,871.0,0.4756027554535017,0.01844800684755616,749.35,0.20621991157531738,0.5243972445464983,0.01844800684755616,0.6361713847542309,0.023565459623356745,0.5492974046448194,0.008563595624088892,0.5492974046448194,0.008563595624088892,0.591103231022477,0.015478829113382653,0.09372383685174693,0.017094418623601303,0.16382805252070964,0.028165331755618726,0.4756027554535017,0.01844800684755616,0.592734394699525,0.015963495071097494,abtype5_w90_t0.236
PA1_Csplit,938.0,0.4749466950959488,0.016198026348103113,804.0,0.2233319640159607,0.5250533049040511,0.016198026348103113,0.6406412103367282,0.022374968708195057,0.5507830349392312,0.007838963244950089,0.5507830349392312,0.007838963244950089,0.5939820833781978,0.014582824541686459,0.09633272614047991,0.01558921546284641,0.1690095928961146,0.026396278920380357,0.4749466950959488,0.016198026348103113,0.5957121226379798,0.015068316001407948,abtype5_w90_t0.236
PA1_Csplit,1000.0,0.47555,0.016150773975261986,855.8,0.24014474153518678,0.5244500000000001,0.016150773975262003,0.641138888888889,0.021895145045037038,0.5510645090374772,0.007862350110973736,0.5510645090374772,0.007862350110973736,0.594368219002561,0.014401597348536169,0.09668862875233276,0.015700117734899006,0.16978999596548766,0.026239368955248567,0.47555,0.016150773975261986,0.5961016989631831,0.014877931626770428,abtype5_w90_t0.236
PA2_Csplit,67.0,0.48432835820895515,0.059976047792053906,58.95,0.004178571701049805,0.5156716417910449,0.05997604779205391,0.5612624645069384,0.11760101383468875,0.5286491387844092,0.04535243626165416,0.5286491387844092,0.04535243626165416,0.5434450339536967,0.08007366822555002,0.054441668420651346,0.08442886458898244,0.08396056739864191,0.1417907106531417,0.48432835820895515,0.059976047792053906,0.5449558016456739,0.08055060441526497,abtype5_w90_t0.236
PA2_Csplit,134.0,0.48059701492537316,0.052578850608383694,110.45,0.021501362323760986,0.5194029850746269,0.0525788506083837,0.6147059558734007,0.07146264299804662,0.5428293547928529,0.031093552955282884,0.5428293547928529,0.031093552955282884,0.577329409799319,0.04958017132647343,0.08112488255169036,0.057565656688680626,0.1393561684334804,0.09262289252124181,0.48059701492537316,0.052578850608383694,0.5787676553331267,0.05061552421804463,abtype5_w90_t0.236
PA2_Csplit,201.0,0.4853233830845771,0.04193516372313604,160.15,0.03770672082901001,0.5146766169154229,0.04193516372313604,0.6247196205229004,0.0602641806188809,0.544689759109626,0.02534786943939456,0.544689759109626,0.02534786943939456,0.5831136229450615,0.04125727057958629,0.08381980861675539,0.047021297408764394,0.14882977463606462,0.07697777260934263,0.4853233830845771,0.04193516372313604,0.5847046898162633,0.042322706680385035,abtype5_w90_t0.236
PA2_Csplit,268.0,0.47817164179104477,0.031886615334170684,208.55,0.0527618408203125,0.5218283582089552,0.031886615334170705,0.651753824163772,0.04018268527859463,0.5543629636631593,0.019655370577571985,0.5543629636631593,0.019655370577571985,0.6010056961973163,0.028537432477023693,0.10112599599739329,0.03547573439533903,0.18111545408792043,0.055249835227540824,0.47817164179104477,0.031886615334170684,0.6030583939134655,0.029279184296574546,abtype5_w90_t0.236
PA2_Csplit,335.0,0.4707462686567164,0.030223051398243952,256.45,0.06773713827133179,0.5292537313432836,0.03022305139824396,0.6629515184397865,0.03494655171020975,0.5586804546769345,0.017612754462671933,0.5586804546769345,0.017612754462671933,0.6085127773009473,0.024702955515111598,0.11022350927387223,0.033028987045828156,0.19499205598717886,0.048023915575749476,0.4707462686567164,0.030223051398243952,0.6108159865583606,0.0253546415581866,abtype5_w90_t0.236
PA2_Csplit,402.0,0.470771144278607,0.026453384751535147,303.2,0.0824052333831787,0.529228855721393,0.02645338475153513,0.6607667587457672,0.030416397676806102,0.5576738958813756,0.01457386586883764,0.5576738958813756,0.01457386586883764,0.6069871876656787,0.021404265343161838,0.10867265240167319,0.028053796333206222,0.1922589038811224,0.04149167247563465,0.470771144278607,0.026453384751535147,0.6092203273135715,0.021999924471548075,abtype5_w90_t0.236
PA2_Csplit,469.0,0.47345415778251604,0.023381113238699427,351.3,0.09781067371368408,0.5265458422174839,0.023381113238699444,0.6601138276177881,0.024698791523121898,0.5568662612571524,0.011458498992465196,0.5568662612571524,0.011458498992465196,0.6062613598391504,0.01714652407332639,0.10678870578406596,0.022516499281867008,0.19063270971321317,0.03295984109137868,0.47345415778251604,0.023381113238699427,0.6084900444374702,0.017640638920947128,abtype5_w90_t0.236
PA2_Csplit,536.0,0.47136194029850753,0.02094439746427327,397.6,0.11345330476760865,0.5286380597014925,0.020944397464273276,0.6603286384537406,0.023866532389264235,0.5563980305740381,0.009898817953556746,0.5563980305740381,0.009898817953556746,0.6061021436925,0.01589592825669413,0.10645485367735333,0.01950619307252917,0.19001002210480178,0.029879925356665112,0.47136194029850753,0.02094439746427327,0.6083633345138892,0.016442842501701985,abtype5_w90_t0.236
PA2_Csplit,603.0,0.4718076285240465,0.02148539590217829,445.3,0.13006882667541503,0.5281923714759535,0.02148539590217829,0.6623328396854367,0.022371451875292724,0.558456349241042,0.00940095962928451,0.558456349241042,0.00940095962928451,0.608145268015355,0.01484765392286585,0.10971001361661725,0.018630060304004038,0.1946448999702839,0.027918889815424872,0.4718076285240465,0.02148539590217829,0.6103945944632393,0.015355294750996317,abtype5_w90_t0.236
PA2_Csplit,670.0,0.47246268656716417,0.01972451730101025,492.75,0.1471126675605774,0.5275373134328358,0.019724517301010245,0.6645721359580045,0.020617251301221343,0.5595658323100803,0.00878278735832748,0.5595658323100803,0.00878278735832748,0.6097831378106495,0.013731998479201679,0.11128143165840365,0.016887408837278788,0.19786505359322826,0.02587770840159032,0.47246268656716417,0.01972451730101025,0.6120689841340423,0.014200118934460736,abtype5_w90_t0.236
PA2_Csplit,737.0,0.47225237449118057,0.01825193047277364,539.25,0.16437678337097167,0.5277476255088195,0.018251930472773636,0.6654567500745185,0.01918996953570086,0.5598195955955957,0.008264511499686591,0.5598195955955957,0.008264511499686591,0.6103333701933031,0.012934507634462506,0.11174070901554094,0.015901321722850144,0.19885803201828064,0.024480375786218957,0.47225237449118057,0.01825193047277364,0.6126381728350571,0.013354289324783686,abtype5_w90_t0.236
PA2_Csplit,804.0,0.4743781094527363,0.017534225761143444,587.2,0.1814824342727661,0.5256218905472636,0.017534225761143458,0.6663402849007196,0.017394627490917906,0.5601964754925117,0.007013322215430353,0.5601964754925117,0.007013322215430353,0.6109495864554915,0.011598674767485948,0.11193230459343732,0.014292134409468712,0.2000785127515726,0.021697320909448828,0.4743781094527363,0.017534225761143444,0.6132683801966158,0.012006815636570963,abtype5_w90_t0.236
PA2_Csplit,871.0,0.47474167623421354,0.015495173120670757,634.55,0.19811930656433105,0.5252583237657864,0.015495173120670756,0.6662861959339506,0.01790031625613431,0.5603809118297371,0.00637347180618543,0.5603809118297371,0.00637347180618543,0.6110229884780952,0.01158544905535622,0.11214704133922808,0.013064979239137664,0.20038032041365392,0.021136981279570203,0.47474167623421354,0.015495173120670757,0.6133335538818439,0.012036824621750325,abtype5_w90_t0.236
PA2_Csplit,938.0,0.47670575692963746,0.014112316049386023,682.95,0.2152024030685425,0.5232942430703624,0.014112316049386028,0.664033947343418,0.01634311678527417,0.5592075203812653,0.005801204179270845,0.5592075203812653,0.005801204179270845,0.6093541750648025,0.010603262349977752,0.10972776679315492,0.011535408026995052,0.19708608351874993,0.019336483634495784,0.47670575692963746,0.014112316049386023,0.6116207338623416,0.011012229941415815,abtype5_w90_t0.236
PA2_Csplit,1000.0,0.47709999999999997,0.012185647295076277,727.5,0.2315475106239319,0.5229,0.012185647295076296,0.6620555555555555,0.013868985739126653,0.5588433883851475,0.005023838457337006,0.5588433883851475,0.005023838457337006,0.6082531951748487,0.009109639075062962,0.10901957272783236,0.009834714697688532,0.1953032917217531,0.01668760675481189,0.47709999999999997,0.012185647295076277,0.6104494719703515,0.009443486055245247,abtype5_w90_t0.236
PA_L1,67.0,0.4552238805970149,0.05028322545648661,42.55,0.0033669233322143554,0.5447761194029852,0.05028322545648662,0.6340751306705615,0.1031719401900759,0.5532289882061724,0.04251479074870282,0.5532289882061724,0.04251479074870282,0.5915252675888439,0.06988709589428262,0.1013597628888808,0.08129869750695966,0.16749495258706754,0.12838456518892102,0.4552238805970149,0.05028322545648661,0.593652059438367,0.07149679614679955,abtype5_w90_t0.236
PA_L1,134.0,0.47388059701492524,0.0339121425895575,81.6,0.019399654865264893,0.5261194029850748,0.0339121425895575,0.6419717108354496,0.06499096962696467,0.5519517102759643,0.02720571439285911,0.5519517102759643,0.02720571439285911,0.5950046877729953,0.04418122213412066,0.09720115103806756,0.05047274785271921,0.17090509132185078,0.08291467289846209,0.47388059701492524,0.0339121425895575,0.5969617105557068,0.04542666414689981,abtype5_w90_t0.236
PA_L1,201.0,0.4776119402985074,0.031228566818856152,121.0,0.0358892560005188,0.5223880597014926,0.031228566818856152,0.6505661829047396,0.044574679548603044,0.5547492587800229,0.017019128310177087,0.5547492587800229,0.017019128310177087,0.6006042962816868,0.02894532996481317,0.10195546264478231,0.03251368606261191,0.18107119377146827,0.053251767781161745,0.4776119402985074,0.031228566818856152,0.6026577208423811,0.030004345332705212,abtype5_w90_t0.236
PA_L1,268.0,0.4753731343283582,0.02167393392754867,158.1,0.05194281339645386,0.5246268656716417,0.021673933927548666,0.6506697615431996,0.030091994742710237,0.5548337728914801,0.01565694135386021,0.5548337728914801,0.01565694135386021,0.6007853416549687,0.0214408776843666,0.10195697193994897,0.02726386190968667,0.1811758783935433,0.04218037638976735,0.4753731343283582,0.02167393392754867,0.6027517672173398,0.021960342210643035,abtype5_w90_t0.236
PA_L1,335.0,0.47164179104477616,0.022437755788616284,195.8,0.06826034784317017,0.5283582089552239,0.022437755788616284,0.6627552821333879,0.030569109798290164,0.5606912675414469,0.01336064924218932,0.5606912675414469,0.01336064924218932,0.6095268490063845,0.02055676386650008,0.11293895046854667,0.02438729146529968,0.19843249905932678,0.03890610194635304,0.47164179104477616,0.022437755788616284,0.6117232748374175,0.021224392831983106,abtype5_w90_t0.236
PA_L1,402.0,0.4713930348258706,0.018355781904849024,233.95,0.08363264799118042,0.5286069651741295,0.018355781904849006,0.6667813351362024,0.026311369323019074,0.5620080871160632,0.01160071564467544,0.5620080871160632,0.01160071564467544,0.6121081607046304,0.01765062109419709,0.11517674059955244,0.020646121806317433,0.20310710355126088,0.03347296352808359,0.4713930348258706,0.018355781904849024,0.6143947111261328,0.018232862106444748,abtype5_w90_t0.236
PA_L1,469.0,0.4705756929637526,0.015450700225579787,270.75,0.10073521137237548,0.5294243070362473,0.015450700225579811,0.6671255859478804,0.023769426709376908,0.5620391239174374,0.009597822129566355,0.5620391239174374,0.009597822129566355,0.612290862963907,0.015546705555725336,0.11551559151435989,0.01677280762506335,0.20347715893205884,0.028893420586557354,0.4705756929637526,0.015450700225579787,0.6145823549326587,0.01611944433797675,abtype5_w90_t0.236
PA_L1,536.0,0.47266791044776124,0.012671124820247485,308.95,0.11653072834014892,0.5273320895522388,0.012671124820247476,0.6657817938992849,0.02212775731738886,0.5614009914889773,0.009940217198121678,0.5614009914889773,0.009940217198121678,0.6113354979739614,0.015023335593226267,0.11391064489410001,0.01677013236236868,0.20161053774508275,0.028544475389932857,0.47266791044776124,0.012671124820247485,0.6135913926941311,0.015499278466611734,abtype5_w90_t0.236
PA_L1,603.0,0.4753731343283582,0.013155365750883368,347.9,0.13260219097137452,0.5246268656716417,0.013155365750883361,0.6646767697625757,0.02177183922733656,0.5606767203932959,0.009959795017263882,0.5606767203932959,0.009959795017263882,0.6104418297021224,0.01512865777882457,0.11216786538680759,0.017379239045103828,0.199814179836887,0.028978063589966775,0.4753731343283582,0.013155365750883368,0.6126767450779358,0.015587135629044638,abtype5_w90_t0.236
PA_L1,670.0,0.4737313432835821,0.01355171279142229,385.65,0.14889286756515502,0.5262686567164179,0.013551712791422284,0.6687076808092662,0.020317735241904514,0.5623315727443663,0.009016018194010504,0.5623315727443663,0.009016018194010504,0.6131954214902346,0.013945426638628447,0.11524929983058312,0.015838895183178388,0.20500692215484034,0.026571680492843593,0.4737313432835821,0.01355171279142229,0.615519626776816,0.014399782632473497,abtype5_w90_t0.236
PA_L1,737.0,0.4723202170963365,0.014663422270319833,423.05,0.16544568538665771,0.5276797829036635,0.014663422270319838,0.6719315317405685,0.019648947709932457,0.5636821240066798,0.008650446878968012,0.5636821240066798,0.008650446878968012,0.6154115685887106,0.013470951834263993,0.11784426479828407,0.01578531658872916,0.20920288235812495,0.025657429783767782,0.4723202170963365,0.014663422270319833,0.6178068278736242,0.01391991354516195,abtype5_w90_t0.236
PA_L1,804.0,0.4722014925373135,0.012746632513322581,461.05,0.18234878778457642,0.5277985074626865,0.012746632513322576,0.6732323102167866,0.01730731911102817,0.5639664088108941,0.007318417585547956,0.5639664088108941,0.007318417585547956,0.6161657281392737,0.011687847369809842,0.11835869971014319,0.0132818956884168,0.21048163326606587,0.022074538284014664,0.4722014925373135,0.012746632513322581,0.6185993595138404,0.012102753540038898,abtype5_w90_t0.236
PA_L1,871.0,0.471182548794489,0.011557723354004028,497.6,0.19891710281372071,0.5288174512055108,0.01155772335400403,0.6744427052048907,0.01578660939588447,0.5640048203200906,0.006814409443622698,0.5640048203200906,0.006814409443622698,0.6167459574942504,0.01087218800270178,0.11875169291657288,0.012702642558400649,0.21131040068180584,0.020687816308056734,0.471182548794489,0.011557723354004028,0.6192237627624906,0.01123989320072778,abtype5_w90_t0.236
PA_L1,938.0,0.4720682302771856,0.01120468575972814,535.5,0.21722869873046874,0.5279317697228144,0.011204685759728146,0.6746969352523784,0.01476066990848582,0.5637274207309313,0.006332077969783455,0.5637274207309313,0.006332077969783455,0.6167120589185486,0.01016444633104206,0.11812310995352467,0.012115795003891587,0.21101181782930567,0.019329229390738254,0.4720682302771856,0.01120468575972814,0.6192121779916548,0.010509585949639398,abtype5_w90_t0.236
PA_L1,1000.0,0.4727,0.009930256794262661,570.6,0.2353848099708557,0.5273,0.009930256794262682,0.6747222222222222,0.013869430814244365,0.5634311430712817,0.005045761193630791,0.5634311430712817,0.005045761193630791,0.6165604072079687,0.009092592391888235,0.11747460364249251,0.009580282295403428,0.21054966343883358,0.01672580432238009,0.4727,0.009930256794262661,0.6190766826467519,0.009455380985614768,abtype5_w90_t0.236
PA_L2,67.0,0.47238805970149256,0.06230784674219906,53.05,0.005487358570098877,0.5276119402985076,0.06230784674219906,0.6025519106117179,0.11751242486422987,0.5424557386420572,0.037673736795821734,0.5424557386420572,0.037673736795821734,0.5699027474664213,0.07801408138480512,0.08305564749849262,0.07726729663061555,0.1325802144597305,0.12612906914198901,0.47238805970149256,0.06230784674219906,0.5725038246268875,0.076262169336587,abtype5_w90_t0.236
PA_L2,134.0,0.48320895522388063,0.04532468691976966,100.05,0.025057446956634522,0.5167910447761194,0.045324686919769666,0.6302841263845844,0.07379379047531379,0.5478028328380725,0.02732833630688281,0.5478028328380725,0.02732833630688281,0.587171073519545,0.04892686468865395,0.08864761638060423,0.05201452057915221,0.15722295131853062,0.08810139498784023,0.48320895522388063,0.04532468691976966,0.5890434796113284,0.04994225905493169,abtype5_w90_t0.236
PA_L2,201.0,0.47611940298507466,0.04090810957347605,143.45,0.044707643985748294,0.5238805970149254,0.04090810957347605,0.6450232359000678,0.050409119301425456,0.5527213204923969,0.02011589979820654,0.5527213204923969,0.02011589979820654,0.5969273835305605,0.033743860350653396,0.09892694680852712,0.03970249213996641,0.17442169121741297,0.06270373296662678,0.47611940298507466,0.04090810957347605,0.5988722781962322,0.034754273059291754,abtype5_w90_t0.236
PA_L2,268.0,0.47350746268656724,0.03391008973428824,186.55,0.06413425207138061,0.5264925373134328,0.03391008973428823,0.6519043478135352,0.04842323255699762,0.5541742859027604,0.021019391189810773,0.5541742859027604,0.021019391189810773,0.6009222860863119,0.033401974049516815,0.10229871163024735,0.04032289476350793,0.1810033486921835,0.06303700081730629,0.47350746268656724,0.03391008973428824,0.6030393168581477,0.034263475361988614,abtype5_w90_t0.236
PA_L2,335.0,0.47701492537313434,0.030215679742387026,231.15,0.08330425024032592,0.5229850746268657,0.030215679742387026,0.6526452792716414,0.042663817705671,0.5536559130908898,0.018502847202269992,0.5536559130908898,0.018502847202269992,0.6010091757027277,0.02932497404252587,0.10059101688114955,0.034796514297496375,0.18063153312080932,0.05529736018321221,0.47701492537313434,0.030215679742387026,0.6031505961812655,0.03010268849932135,abtype5_w90_t0.236
PA_L2,402.0,0.4748756218905473,0.026928937852595734,273.95,0.10271883010864258,0.5251243781094528,0.026928937852595744,0.6568659297872066,0.04088760261053962,0.5557326643086984,0.01596885478646214,0.5557326643086984,0.01596885478646214,0.604086992183705,0.027282480583755372,0.10469064120534632,0.030674958878670035,0.18684025581442792,0.05054940261589872,0.4748756218905473,0.026928937852595734,0.6062992970479525,0.02816890842150541,abtype5_w90_t0.236
PA_L2,469.0,0.4776119402985075,0.02190046757374641,318.2,0.12105978727340698,0.5223880597014925,0.021900467573746422,0.6589285723966843,0.034750250784098,0.5562248692836967,0.014497223613998632,0.5562248692836967,0.014497223613998632,0.605332191038377,0.023504711998991838,0.1046768539428696,0.027094229904827582,0.18883718965050167,0.044178777914836806,0.4776119402985075,0.02190046757374641,0.6075767208401907,0.024248181951178064,abtype5_w90_t0.236
PA_L2,536.0,0.4764925373134329,0.020912173536122472,362.0,0.139315402507782,0.5235074626865671,0.020912173536122472,0.6616506685579181,0.027990579460441287,0.5577917181999588,0.010872101352144375,0.5577917181999588,0.010872101352144375,0.607457699796029,0.018546205999935516,0.10763051138608985,0.021342917030806038,0.19321052580501524,0.034353957505569306,0.4764925373134329,0.020912173536122472,0.6097211933789383,0.019188448329312706,abtype5_w90_t0.236
PA_L2,603.0,0.47562189054726367,0.019028721644966592,404.05,0.15752228498458862,0.5243781094527363,0.01902872164496659,0.661269153458429,0.02912943521483376,0.5572415698598694,0.011132385593690062,0.5572415698598694,0.011132385593690062,0.6069792510834668,0.019278102483051188,0.10687027738948504,0.021457607441841733,0.19207430272236498,0.03560676230568719,0.47562189054726367,0.019028721644966592,0.6092553616591492,0.019937681793307307,abtype5_w90_t0.236
PA_L2,670.0,0.4732089552238805,0.01925590060671118,446.45,0.1762638807296753,0.5267910447761195,0.019255900606711188,0.6619258330757031,0.0276636124509832,0.557873515401277,0.010643464985008368,0.557873515401277,0.010643464985008368,0.6076300813053747,0.01832867086375237,0.10849166638471022,0.020868645960814395,0.19353107322140792,0.03388289059453784,0.4732089552238805,0.01925590060671118,0.6098996742384901,0.018955788697772032,abtype5_w90_t0.236
PA_L2,737.0,0.47510176390773395,0.01731395919285984,490.9,0.19518585205078126,0.524898236092266,0.017313959192859833,0.6610697096401346,0.025602663023539515,0.557745998171173,0.009181030410934668,0.557745998171173,0.009181030410934668,0.607171364932184,0.01661013954732065,0.10783263080748917,0.01809329294369677,0.19282726303367256,0.03029989316646199,0.47510176390773395,0.01731395919285984,0.6094078539056539,0.01723182959061777,abtype5_w90_t0.236
PA_L2,804.0,0.47475124378109446,0.01820387404297558,534.45,0.21374763250350953,0.5252487562189055,0.01820387404297559,0.6631977676058123,0.02361164046704988,0.5588884193292356,0.009205920656157966,0.5588884193292356,0.009205920656157966,0.6087821004911563,0.015740828659759863,0.10985638233341963,0.018754031365656072,0.19602212478430156,0.02926825902293943,0.47475124378109446,0.01820387404297558,0.611043093467524,0.016294121574461987,abtype5_w90_t0.236
PA_L2,871.0,0.47462686567164186,0.016611465742990803,577.5,0.23222366571426392,0.5253731343283581,0.016611465742990807,0.6610825856954707,0.020987517561341908,0.5586095424189023,0.008206214373816108,0.5586095424189023,0.008206214373816108,0.6076657683394747,0.01402181736537964,0.10935272067629986,0.01648494341078663,0.19430098572179327,0.026077964148345484,0.47462686567164186,0.016611465742990803,0.6098460640571866,0.014511471345954458,abtype5_w90_t0.236
PA_L2,938.0,0.47398720682302775,0.014716015685391035,620.05,0.2513438701629639,0.5260127931769721,0.014716015685391015,0.6623324652027368,0.019165128890096667,0.558918241064504,0.007537349096439569,0.558918241064504,0.007537349096439569,0.6084134463739506,0.012867707526823233,0.10997799040782016,0.014989551720000854,0.19558391714824946,0.023989942079160234,0.47398720682302775,0.014716015685391035,0.6106253531336203,0.013320286651972794,abtype5_w90_t0.236
PA_L2,1000.0,0.47305,0.01320028408785204,659.2,0.27067664861679075,0.52695,0.01320028408785206,0.6634166666666667,0.01848195232458938,0.5592346606915644,0.006638427740637468,0.5592346606915644,0.006638427740637468,0.609082931704928,0.012090871981269558,0.11070616791128148,0.013178672076393212,0.19677284255258568,0.022149971455113087,0.47305,0.01320028408785204,0.6113256636791154,0.012558623359534943,abtype5_w90_t0.236
PA_I_L1,67.0,0.4686567164179105,0.05768999429876922,45.3,0.0040640711784362795,0.5313432835820896,0.05768999429876922,0.653085942051449,0.08490098007420986,0.5550318746045314,0.03532409408593204,0.5550318746045314,0.03532409408593204,0.601381597978156,0.05565700856760585,0.10561108587569268,0.06807573412564577,0.1794644497932853,0.10289311884792038,0.4686567164179105,0.05768999429876922,0.6040589083279904,0.05701753377273252,abtype5_w90_t0.236
PA_I_L1,134.0,0.4764925373134329,0.03627472156158726,85.35,0.0210286021232605,0.5235074626865671,0.036274721561587266,0.6681930482373913,0.058617164254709246,0.5578350361940831,0.02213020625646842,0.5578350361940831,0.02213020625646842,0.6102111779885064,0.03692640081286264,0.10737299834023539,0.04170053087957287,0.19570534185913002,0.06729200235766235,0.4764925373134329,0.03627472156158726,0.6130140422157371,0.03835757133918709,abtype5_w90_t0.236
PA_I_L1,201.0,0.48159203980099496,0.03420194476079048,125.9,0.03645832538604736,0.518407960199005,0.034201944760790456,0.6574243637473431,0.05283609226294952,0.5554512320388678,0.020281760922725562,0.5554512320388678,0.020281760922725562,0.6040826791655701,0.03435091231164353,0.10267323095460479,0.038564699068718726,0.18607701443917468,0.06330582045090852,0.48159203980099496,0.03420194476079048,0.6064377978931055,0.03556822222530642,abtype5_w90_t0.236
PA_I_L1,268.0,0.4772388059701494,0.033951123255754986,164.4,0.05179141759872437,0.5227611940298507,0.033951123255754986,0.6636806826880394,0.04551037672271262,0.5586663087425942,0.01843081391083172,0.5586663087425942,0.01843081391083172,0.6087940347078444,0.030609262981003083,0.10912877491539219,0.03544421145367099,0.19570097691510116,0.05723250368097808,0.4772388059701494,0.033951123255754986,0.6111734957153167,0.03159518270586435,abtype5_w90_t0.236
PA_I_L1,335.0,0.476865671641791,0.026106606673543937,203.25,0.06833630800247192,0.523134328358209,0.026106606673543923,0.669478815501754,0.0412651595235537,0.5592861720070322,0.017038084209768694,0.5592861720070322,0.017038084209768694,0.611805861319264,0.027751810667380732,0.10994786339045508,0.03165360457981724,0.20016765209778659,0.05205031984325563,0.476865671641791,0.026106606673543937,0.614382493754393,0.028660825443173388,abtype5_w90_t0.236
PA_I_L1,402.0,0.47027363184079596,0.021129274746910093,240.45,0.08592424392700196,0.529726368159204,0.021129274746910082,0.6752078924642049,0.0314483248961259,0.5613356461711975,0.01372704479105194,0.5613356461711975,0.01372704479105194,0.6155889083784812,0.02142356299335401,0.11476003656912286,0.02542098317649302,0.20709891628740135,0.04071430070062162,0.47027363184079596,0.021129274746910093,0.6182717693177012,0.02212610451918065,abtype5_w90_t0.236
PA_I_L1,469.0,0.4692963752665246,0.020293982760651353,278.6,0.10418322086334228,0.5307036247334754,0.02029398276065138,0.6755375894935999,0.02724249121101048,0.5618750112027043,0.013466288851227316,0.5618750112027043,0.013466288851227316,0.6160549524361192,0.019376347168174646,0.11595243258434132,0.02541423906446138,0.20818899104213848,0.037798566359728725,0.4692963752665246,0.020293982760651353,0.618706300348152,0.019914865270567947,abtype5_w90_t0.236
PA_I_L1,536.0,0.4697761194029851,0.02222108128676753,317.55,0.12251390218734741,0.530223880597015,0.022221081286767523,0.6758732891263763,0.024204084192390705,0.5622953793063106,0.012093322822709533,0.5622953793063106,0.012093322822709533,0.6164457467741995,0.0172415774011574,0.11671495016911967,0.024284940233905265,0.20912432017762544,0.03376691685651072,0.4697761194029851,0.02222108128676753,0.6190843342163435,0.017723519814139298,abtype5_w90_t0.236
PA_I_L1,603.0,0.4692371475953566,0.01814746282853709,356.15,0.14104357957839966,0.5307628524046434,0.018147462828537086,0.6776703328573667,0.01931600351125602,0.5634444918474737,0.009780220402440514,0.5634444918474737,0.009780220402440514,0.6179067884055744,0.01385954084562135,0.11843766840021663,0.018722462267828047,0.21220547765301156,0.027253072578104217,0.4692371475953566,0.01814746282853709,0.6205574123524202,0.014241665011489591,abtype5_w90_t0.236
PA_I_L1,670.0,0.46932835820895524,0.015664355093477102,394.6,0.1592547655105591,0.5306716417910449,0.015664355093477116,0.6788935915346188,0.018506101910039093,0.5638374964356769,0.009194834852590162,0.5638374964356769,0.009194834852590162,0.6186792037813742,0.013098282109997021,0.11901860170063276,0.017350045233847766,0.21359757448715117,0.025612281736843562,0.46932835820895524,0.015664355093477102,0.621365543985148,0.013479050163481086,abtype5_w90_t0.236
PA_I_L1,737.0,0.4690637720488467,0.013650363753626209,433.15,0.17719788551330568,0.5309362279511534,0.013650363753626212,0.6812587709123046,0.017075788593926344,0.564937486720132,0.007385594514190863,0.564937486720132,0.007385594514190863,0.6203618107674694,0.011583297725799219,0.12083349473751417,0.013959205195067869,0.2169203191698892,0.022019446994708047,0.4690637720488467,0.013650363753626209,0.6230981288162183,0.011987409663285443,abtype5_w90_t0.236
PA_I_L1,804.0,0.46915422885572144,0.012429101428213312,471.6,0.195164692401886,0.5308457711442786,0.012429101428213305,0.6822001398450859,0.016117343655597673,0.5652522046077479,0.006934806162411478,0.5652522046077479,0.006934806162411478,0.6209663649152022,0.011000091122886193,0.1213202925763944,0.013096059392693005,0.21803355698808696,0.020918713256383354,0.46915422885572144,0.012429101428213312,0.6237261722264169,0.011380366450045917,abtype5_w90_t0.236
PA_I_L1,871.0,0.4692307692307692,0.011348836822853717,510.0,0.21368294954299927,0.5307692307692309,0.011348836822853717,0.680913619630643,0.015517556501378009,0.5651311930911365,0.006341024647914576,0.5651311930911365,0.006341024647914576,0.6203146387601427,0.01043713362049575,0.12109616791519333,0.011978705252055948,0.2170748138773237,0.019637693599806216,0.4692307692307692,0.011348836822853717,0.6230224063608898,0.01082035445695493,abtype5_w90_t0.236
PA_I_L1,938.0,0.46945628997867805,0.011116469039523867,548.6,0.2327004551887512,0.530543710021322,0.011116469039523865,0.681412828308517,0.01380844946720156,0.5654330632324387,0.005072307840669654,0.5654330632324387,0.005072307840669654,0.6207091295651844,0.008988975374295227,0.12158310564302041,0.01043492258124668,0.21788989427827632,0.01657442924763599,0.46945628997867805,0.011116469039523867,0.623422945770478,0.009367047540272958,abtype5_w90_t0.236
PA_I_L1,1000.0,0.4683,0.011798728745080958,583.65,0.25207756757736205,0.5317000000000001,0.011798728745080981,0.6829444444444445,0.014220594524912658,0.5663624432966681,0.0050331426889257385,0.5663624432966681,0.0050331426889257385,0.621916742111605,0.009228798624467847,0.12341000368614272,0.010880698861222058,0.2203688185459705,0.016918265321285954,0.4683,0.011798728745080958,0.6246534438705563,0.009625475788414653,abtype5_w90_t0.236
PA_I_L2,67.0,0.473134328358209,0.061194029850746276,57.35,0.004612648487091064,0.5268656716417911,0.06119402985074626,0.6164571830707609,0.0955468818822613,0.5466275091866037,0.041101528381311335,0.5466275091866037,0.041101528381311335,0.579906140722649,0.06614510344963932,0.08809945728714472,0.07712909751874694,0.1462461564601976,0.12291421495779513,0.473134328358209,0.061194029850746276,0.5815423461286825,0.06746526288539632,abtype5_w90_t0.236
PA_I_L2,134.0,0.4776119402985074,0.03783221449443753,106.55,0.023176252841949463,0.5223880597014925,0.037832214494437535,0.6465708619339678,0.053447600507487425,0.5565242757716127,0.024035455625085866,0.5565242757716127,0.024035455625085866,0.5996859057779109,0.03692965401949479,0.10517028027140092,0.045633098073742294,0.18125262793075728,0.07003677031192868,0.4776119402985074,0.03783221449443753,0.6015475688527904,0.03789313147129038,abtype5_w90_t0.236
PA_I_L2,201.0,0.47562189054726367,0.02785181094980777,153.55,0.041289758682250974,0.5243781094527363,0.027851810949807782,0.6521733579941805,0.03591708672362916,0.5574378531776464,0.01881704116064856,0.5574378531776464,0.01881704116064856,0.6028740344674883,0.02588960635031579,0.10663491444449122,0.034393276364548746,0.1863023922995731,0.050778823225087914,0.47562189054726367,0.02785181094980777,0.6048056055859135,0.02648882453531239,abtype5_w90_t0.236
PA_I_L2,268.0,0.4826492537313432,0.024447418354529397,200.3,0.05609885454177856,0.5173507462686568,0.024447418354529397,0.649341749640077,0.02976024417294681,0.5562215071401718,0.0170419935877602,0.5562215071401718,0.0170419935877602,0.6009406774807358,0.022418345950030262,0.1031874010383748,0.030707243579360246,0.18275972013425856,0.04473803170138875,0.4826492537313432,0.024447418354529397,0.6027816283901244,0.022830728105348898,abtype5_w90_t0.236
PA_I_L2,335.0,0.4816417910447762,0.02153137039050917,245.5,0.07033706903457641,0.5183582089552237,0.021531370390509168,0.653165010797987,0.031130768816133015,0.5567098675669063,0.016848513394234012,0.5567098675669063,0.016848513394234012,0.602970935779933,0.023065926360970386,0.10436751757936613,0.030587126485762676,0.18595587425481008,0.04576681676950188,0.4816417910447762,0.02153137039050917,0.6049374391824467,0.02354865472668194,abtype5_w90_t0.236
PA_I_L2,402.0,0.4813432835820895,0.01877244372609542,289.9,0.08567726612091064,0.5186567164179104,0.018772443726095423,0.6564624742363796,0.03009048781905004,0.5566260588332489,0.01494951280858824,0.5566260588332489,0.01494951280858824,0.6044444221194959,0.021588533461841582,0.10435957100723843,0.02734582947786694,0.18794562148700256,0.04214112075188591,0.4813432835820895,0.01877244372609542,0.6065442665348142,0.022129924282366206,abtype5_w90_t0.236
PA_I_L2,469.0,0.4840085287846481,0.017890129606313886,337.15,0.1014323353767395,0.5159914712153518,0.017890129606313896,0.6562070245732126,0.03054431102820814,0.557164385894424,0.014313921514547768,0.557164385894424,0.014313921514547768,0.6046219224611397,0.021709384473237132,0.10466202946986884,0.02616495391271455,0.1888380381060241,0.041871713700773236,0.4840085287846481,0.017890129606313886,0.6066857052338182,0.022278961729918216,abtype5_w90_t0.236
PA_I_L2,536.0,0.4825559701492537,0.016907504502725716,382.25,0.11671969890594483,0.5174440298507463,0.016907504502725716,0.6595119179266533,0.025317126928502662,0.5588691261785157,0.011174557721497851,0.5588691261785157,0.011174557721497851,0.6070752901429948,0.017485059729208132,0.107777714297879,0.020992086303084908,0.19369249583036177,0.03325161217758508,0.4825559701492537,0.016907504502725716,0.6091905220525845,0.0180027743423356,abtype5_w90_t0.236
PA_I_L2,603.0,0.4805140961857379,0.01654950860113917,425.35,0.13255985975265502,0.5194859038142621,0.01654950860113916,0.6629310685081328,0.024595215397785874,0.5589920083230882,0.010325229290125294,0.5589920083230882,0.010325229290125294,0.6087138800003611,0.016679605948593308,0.10844715053511997,0.019471579420829225,0.1959787259707156,0.031454302459761226,0.4805140961857379,0.01654950860113917,0.6109615384156106,0.017224910518503153,abtype5_w90_t0.236
PA_I_L2,670.0,0.48007462686567176,0.015375851085840584,469.3,0.14989757537841797,0.5199253731343283,0.015375851085840588,0.6606115549612107,0.024664500981768294,0.5580438257767287,0.00981381942076338,0.5580438257767287,0.00981381942076338,0.6071316517815349,0.01655433667861088,0.10700637563722018,0.018455051734123273,0.19304982086579978,0.0308635678297049,0.48007462686567176,0.015375851085840584,0.6093276903689697,0.017102828788354563,abtype5_w90_t0.236
PA_I_L2,737.0,0.4789009497964722,0.014445696459926083,512.85,0.16766784191131592,0.5210990502035278,0.014445696459926063,0.6624776953195053,0.02347163688674532,0.5581101273460003,0.009112223484507022,0.5581101273460003,0.009112223484507022,0.6080287915287864,0.015669203967640842,0.10736422831417947,0.017054369242354078,0.19430727247431054,0.029106350790292206,0.4789009497964722,0.014445696459926083,0.6102939113327527,0.016217267953784635,abtype5_w90_t0.236
PA_I_L2,804.0,0.47543532338308464,0.015043453926935482,555.95,0.1852461576461792,0.5245646766169154,0.015043453926935475,0.6662216259880853,0.02349824081299085,0.5601460728629084,0.009211058485288998,0.5601460728629084,0.009211058485288998,0.6108568238776296,0.015757028319141178,0.11151577626769651,0.01747605776737167,0.1999549728611153,0.029325483855958272,0.47543532338308464,0.015043453926935482,0.6131838494254969,0.016300632282379685,abtype5_w90_t0.236
PA_I_L2,871.0,0.4743398392652124,0.013648822418372425,599.5,0.20339938402175903,0.5256601607347876,0.013648822418372413,0.6676232441291134,0.024246121992506947,0.5610611636101918,0.00919351474386293,0.5610611636101918,0.00919351474386293,0.6119946707260616,0.016090196589872457,0.1132813360473142,0.017478261834315324,0.20231927109828995,0.029725119970348168,0.4743398392652124,0.013648822418372425,0.6143422038696527,0.016659753773996772,abtype5_w90_t0.236
PA_I_L2,938.0,0.4747867803837953,0.013140604895510945,644.4,0.2218525767326355,0.5252132196162046,0.013140604895510942,0.6687587976112248,0.023098531636717386,0.5611341040985975,0.00851996241970088,0.5611341040985975,0.00851996241970088,0.6125578300692901,0.015227022732438063,0.1132879357064526,0.016196146793963046,0.2031385453265032,0.028013525036196082,0.4747867803837953,0.013140604895510945,0.6149464508549112,0.015790101433562367,abtype5_w90_t0.236
PA_I_L2,1000.0,0.47314999999999996,0.012005311324576289,684.95,0.24004265069961547,0.52685,0.012005311324576313,0.6706944444444445,0.021756845807841114,0.5619345149023645,0.007858404673630262,0.5619345149023645,0.007858404673630262,0.613884141038508,0.014266282966733313,0.11500696761518533,0.015108297670513433,0.20563895752720968,0.026148847901943686,0.47314999999999996,0.012005311324576289,0.6163144796734044,0.014806511969978214,abtype5_w90_t0.236
PA_II_L1,67.0,0.47388059701492535,0.06042011529219782,47.25,0.0034069061279296876,0.5261194029850746,0.060420115292197825,0.6242715420432176,0.10202813956322981,0.5458125808350264,0.03919375935149656,0.5458125808350264,0.03919375935149656,0.5827545982423645,0.0669944676522794,0.08671754643519675,0.07450943931645151,0.1480587747351954,0.1194783467493274,0.47388059701492535,0.06042011529219782,0.5850420614391221,0.0682966506557244,abtype5_w90_t0.236
PA_II_L1,134.0,0.4615671641791045,0.041300087892991375,86.85,0.020061564445495606,0.5384328358208955,0.04130008789299137,0.6645264624802365,0.06376925707870798,0.560692117324924,0.031061649251962874,0.560692117324924,0.031061649251962874,0.610184787703192,0.04518005667227481,0.11535501112679905,0.05992787442560806,0.19853992806181928,0.08724441538622384,0.4615671641791045,0.041300087892991375,0.6126092899025803,0.046301379569754865,abtype5_w90_t0.236
PA_II_L1,201.0,0.46965174129353243,0.03588992795397301,128.2,0.03582462072372437,0.5303482587064676,0.03588992795397301,0.6697354851652532,0.05598805205975792,0.5605936616533398,0.026806113190825907,0.5605936616533398,0.026806113190825907,0.6125817476619022,0.039531422193702176,0.1136907020044842,0.05197244099551354,0.2019194045591377,0.07646426656920251,0.46965174129353243,0.03588992795397301,0.6151645734092965,0.04059727687988833,abtype5_w90_t0.236
PA_II_L1,268.0,0.4673507462686568,0.03105937067249784,167.8,0.050237405300140384,0.5326492537313433,0.031059370672497855,0.6779955626005186,0.03882062705125836,0.5628528016406318,0.01917535319847763,0.5628528016406318,0.01917535319847763,0.6176773409649999,0.027586536376399903,0.11780657696897985,0.03735186092636981,0.21101525817220917,0.05404711333246528,0.4673507462686568,0.03105937067249784,0.6204241821205752,0.028389965205074724,abtype5_w90_t0.236
PA_II_L1,335.0,0.46895522388059707,0.027632505451743884,208.4,0.06466896533966064,0.531044776119403,0.027632505451743873,0.6805990295330466,0.02993485646324843,0.5647652925165773,0.014504678978969558,0.5647652925165773,0.014504678978969558,0.6199299256650826,0.020828527304972783,0.1204637679590427,0.027626797585332433,0.21592948540517581,0.0404175008213514,0.46895522388059707,0.027632505451743884,0.6226821610248119,0.02146474966029632,abtype5_w90_t0.236
PA_II_L1,402.0,0.46853233830845775,0.024716844016964563,248.8,0.07848985195159912,0.5314676616915424,0.024716844016964553,0.6798407726263267,0.03020317688467674,0.5656156653934064,0.013278194448968935,0.5656156653934064,0.013278194448968935,0.6200493301931531,0.020484049156521345,0.1221746751322477,0.025723118983522416,0.21701844564410006,0.03889975298187424,0.46853233830845775,0.024716844016964563,0.6227282190098666,0.02117130538125996,abtype5_w90_t0.236
PA_II_L1,469.0,0.4704690831556503,0.02179929452157317,288.5,0.09253897666931152,0.5295309168443498,0.02179929452157319,0.677625757370911,0.027480345246280378,0.5640739807489484,0.012981949317148331,0.5640739807489484,0.012981949317148331,0.6182050508526948,0.019032988063060117,0.1191236626231312,0.024862523204292913,0.21309596461983427,0.03673679028698987,0.4704690831556503,0.02179929452157317,0.6208498690599299,0.019628185188966238,abtype5_w90_t0.236
PA_II_L1,536.0,0.4698694029850746,0.017682345282995185,329.05,0.10767983198165894,0.5301305970149253,0.017682345282995178,0.6806951179456823,0.02167613593387548,0.5651561188915336,0.010798738581564266,0.5651561188915336,0.010798738581564266,0.6202100577739307,0.015068169923401535,0.12088368645679573,0.019865879904333274,0.2167567910225555,0.02939867184593075,0.4698694029850746,0.017682345282995185,0.6229256184186078,0.015520765351215724,abtype5_w90_t0.236
PA_II_L1,603.0,0.46641791044776115,0.015052663397097535,367.85,0.12316757440567017,0.5335820895522388,0.015052663397097519,0.6838974284040331,0.01945087339878297,0.5672858374182959,0.01052617377247894,0.5672858374182959,0.01052617377247894,0.6228477763327802,0.014079070507343859,0.1252057658172931,0.019164556651250927,0.22226658773242974,0.0279521585800305,0.46641791044776115,0.015052663397097535,0.6255916329111646,0.01443633841683446,abtype5_w90_t0.236
PA_II_L1,670.0,0.46589552238805965,0.013276662628470824,406.3,0.13896021842956544,0.5341044776119404,0.013276662628470836,0.6841460120960524,0.017304011005295314,0.5666838444219932,0.008620448857152917,0.5666838444219932,0.008620448857152917,0.6226336525855012,0.012137867905479582,0.12444375151699846,0.015900727626566052,0.2214917778452131,0.023699198043167863,0.46589552238805965,0.013276662628470824,0.6254149282590229,0.012497426862600105,abtype5_w90_t0.236
PA_II_L1,737.0,0.4645861601085482,0.011738143150003894,445.6,0.1549040675163269,0.5354138398914517,0.011738143150003873,0.6833243651009885,0.016906126133401967,0.5669431209632483,0.008114810369671344,0.5669431209632483,0.008114810369671344,0.6224078187539571,0.011983621680240317,0.1252258405213016,0.015004352931337681,0.22150288795697018,0.023278716390367323,0.4645861601085482,0.011738143150003894,0.6251337430321182,0.012346770390192437,abtype5_w90_t0.236
PA_II_L1,804.0,0.4644278606965174,0.010386875420951723,484.65,0.171325945854187,0.5355721393034826,0.010386875420951713,0.6855681326773089,0.01497050392969796,0.5678086626801091,0.00750009604805,0.5678086626801091,0.00750009604805,0.6239081384403815,0.010791817273188056,0.1266545603973405,0.013851066794795034,0.2242995826036581,0.021152320387829073,0.4644278606965174,0.010386875420951723,0.626688397678709,0.011101523654826329,abtype5_w90_t0.236
PA_II_L1,871.0,0.4644661308840413,0.009785706406727343,522.9,0.1887781023979187,0.5355338691159587,0.009785706406727332,0.6862560761031131,0.015294494192003807,0.5672421539442201,0.006737767522651155,0.5672421539442201,0.006737767522651155,0.623907989674537,0.010565652059014757,0.12575394437529203,0.01252713019081646,0.22379915138700918,0.020217073883353014,0.4644661308840413,0.009785706406727343,0.6267491150236666,0.010933831647802128,abtype5_w90_t0.236
PA_II_L1,938.0,0.46444562899786784,0.008043743579673995,561.7,0.20617736577987672,0.5355543710021322,0.008043743579673995,0.6868510339300239,0.014620073932188359,0.5674540900200139,0.00651160311520311,0.5674540900200139,0.00651160311520311,0.6242959315498988,0.010134840645286804,0.12606026865936973,0.011661537324339666,0.22450839755322338,0.01944819031821257,0.46444562899786784,0.008043743579673995,0.6271525619750189,0.010482615967643263,abtype5_w90_t0.236
PA_II_L1,1000.0,0.46514999999999995,0.008528041979258766,598.35,0.223470938205719,0.5348499999999999,0.008528041979258787,0.6869166666666666,0.015273711580100593,0.567765959595674,0.005594335089947712,0.567765959595674,0.005594335089947712,0.6244942645798623,0.010009772595264893,0.12637638499358955,0.010081442271598249,0.22509157019258633,0.0184840651849893,0.46514999999999995,0.008528041979258766,0.6273413131311704,0.010432474623877547,abtype5_w90_t0.236
PA_II_L2,67.0,0.523134328358209,0.05979004626553521,54.35,0.004458200931549072,0.47686567164179106,0.05979004626553521,0.5384027047014283,0.10877474573870073,0.5117914388211838,0.03687030652571716,0.5117914388211838,0.03687030652571716,0.5236325094952724,0.07015596749861812,0.02128290990162949,0.0666166948241132,0.040548655100430556,0.12007905157960334,0.523134328358209,0.05979004626553521,0.5250970717613062,0.07126939132100282,abtype5_w90_t0.236
PA_II_L2,134.0,0.5022388059701492,0.04995542677964048,101.8,0.024320781230926514,0.4977611940298507,0.04995542677964048,0.6051987159621283,0.06823685595832558,0.5421538103735479,0.026532474881849004,0.5421538103735479,0.026532474881849004,0.572468043314468,0.04568650075015745,0.07692856316981056,0.04935549491156834,0.13258982927308025,0.08332198011534207,0.5022388059701492,0.04995542677964048,0.5736762631678382,0.04677738471879247,abtype5_w90_t0.236
PA_II_L2,201.0,0.48905472636815916,0.03560256848321361,146.8,0.043180215358734134,0.5109452736318408,0.03560256848321362,0.637241794274807,0.05004969021145759,0.5522837631663233,0.018281995014617157,0.5522837631663233,0.018281995014617157,0.5930538370676641,0.03220818775416056,0.09552933091861268,0.03365307973379549,0.16893018335710805,0.058415428997995435,0.48905472636815916,0.03560256848321361,0.5947627787205652,0.03340304062600375,abtype5_w90_t0.236
PA_II_L2,268.0,0.4833955223880597,0.03544727022440823,191.6,0.0622058629989624,0.5166044776119403,0.035447270224408224,0.645301788914618,0.05095331109876058,0.5549995205581072,0.018035192707129902,0.5549995205581072,0.018035192707129902,0.5982491562447851,0.03235363142489639,0.10164012273881873,0.03438464127727343,0.17827615323045365,0.05839722510362357,0.4833955223880597,0.03544727022440823,0.6001506547363625,0.03367032072188193,abtype5_w90_t0.236
PA_II_L2,335.0,0.478955223880597,0.027186721825511295,235.95,0.08202377557754517,0.521044776119403,0.027186721825511295,0.6545974239098936,0.04115410608312167,0.5596864084085775,0.014924706217025418,0.5596864084085775,0.014924706217025418,0.6051525280414507,0.026221529296558063,0.10999126281970792,0.028377160491756048,0.19171765516192002,0.0475949496975147,0.478955223880597,0.027186721825511295,0.6071419161592356,0.027258698644251584,abtype5_w90_t0.236
PA_II_L2,402.0,0.4752487562189055,0.021246096673176097,279.5,0.10121824741363525,0.5247512437810945,0.0212460966731761,0.6605616900309139,0.03550428539697027,0.5603786706066275,0.010394482901235198,0.5603786706066275,0.010394482901235198,0.608302419700677,0.021466450713607418,0.11203745483368421,0.020406016135062422,0.1966760765010371,0.037528241856345804,0.4752487562189055,0.021246096673176097,0.6104701803187706,0.02249733745262251,abtype5_w90_t0.236
PA_II_L2,469.0,0.47409381663113004,0.018195955172235448,321.9,0.12032690048217773,0.52590618336887,0.01819595517223548,0.6622497621038341,0.030931888749865112,0.5604595440368347,0.010459829782211837,0.5604595440368347,0.010459829782211837,0.609155760045455,0.01933793066915567,0.11235263138763787,0.019784908502603633,0.19785780930986857,0.03482035683686139,0.47409381663113004,0.018195955172235448,0.6113546530703344,0.0201691688259258,abtype5_w90_t0.236
PA_II_L2,536.0,0.47518656716417906,0.01666724677834994,365.55,0.13770102262496947,0.5248134328358209,0.01666724677834995,0.6625839930472485,0.02653978238973065,0.5591724022602438,0.009450825728937259,0.5591724022602438,0.009450825728937259,0.6086299506654397,0.016771398021709908,0.10987575508818251,0.01697395799559224,0.19596861994511378,0.030500753044741216,0.47518656716417906,0.01666724677834994,0.6108781976537461,0.017462139406874497,abtype5_w90_t0.236
PA_II_L2,603.0,0.4776119402985075,0.018014561345273992,409.75,0.15513181686401367,0.5223880597014926,0.018014561345273992,0.6615864254641749,0.021382628223179954,0.5585567053324401,0.00849330652271892,0.5585567053324401,0.00849330652271892,0.6078588504233376,0.01396754187898806,0.10834467266812857,0.01569733308858577,0.19439162757492415,0.025990971356097042,0.4776119402985075,0.018014561345273992,0.6100715653983074,0.014467492645534666,abtype5_w90_t0.236
PA_II_L2,670.0,0.4791044776119403,0.018557947513277072,454.7,0.17347551584243776,0.5208955223880597,0.018557947513277082,0.6610270983585499,0.017596168195814336,0.5580146536187639,0.006748301690461392,0.5580146536187639,0.006748301690461392,0.6073165598998548,0.011344306667890583,0.10716418316005241,0.012956328243479816,0.19320595645603056,0.020888832537003996,0.4791044776119403,0.018557947513277072,0.6095208759886569,0.011765888292999169,abtype5_w90_t0.236
PA_II_L2,737.0,0.478493894165536,0.018782847352534725,499.2,0.1923049807548523,0.521506105834464,0.01878284735253472,0.6615221931828973,0.014774668183049244,0.5578171250012607,0.006038018378320979,0.5578171250012607,0.006038018378320979,0.6074463637861087,0.009830133336648103,0.10700375247934639,0.011803584693583722,0.19321869701109695,0.018405552166286067,0.478493894165536,0.018782847352534725,0.6096696590920788,0.010165695143415967,abtype5_w90_t0.236
PA_II_L2,804.0,0.47960199004975124,0.016900783832301522,544.7,0.2107796311378479,0.5203980099502488,0.01690078383230153,0.6630144976119252,0.013603696034425468,0.5583390692649939,0.005202262909573694,0.5583390692649939,0.005202262909573694,0.6084172282425726,0.00887860053386958,0.10757068306689377,0.010275402382977717,0.19500181470864963,0.016388141619935313,0.47960199004975124,0.016900783832301522,0.6106767834384594,0.009206457151472662,abtype5_w90_t0.236
PA_II_L2,871.0,0.47967853042479913,0.014808337393695728,589.45,0.23097137212753296,0.5203214695752008,0.01480833739369573,0.6636162443974633,0.011911675035976291,0.5583497814555417,0.004577763983368607,0.5583497814555417,0.004577763983368607,0.6087023893073411,0.007803260268248285,0.10755124665942169,0.008772096600725086,0.19539028143318188,0.014441076572456121,0.47967853042479913,0.014808337393695728,0.6109830129265025,0.00809093790094791,abtype5_w90_t0.236
PA_II_L2,938.0,0.47777185501066094,0.01486155638008585,633.55,0.25082188844680786,0.522228144989339,0.014861556380085848,0.666048930391143,0.013126196854836876,0.5593936550411744,0.0048276065295820595,0.5593936550411744,0.0048276065295820595,0.6103856428991362,0.008572373912090387,0.10969968421317144,0.009342341058268889,0.1986038029603348,0.01574271871627854,0.47777185501066094,0.01486155638008585,0.6127212927161587,0.008898720651096587,abtype5_w90_t0.236
PA_II_L2,1000.0,0.47594999999999993,0.015147524550235918,673.75,0.2727136492729187,0.52405,0.015147524550235937,0.6673611111111111,0.01198104856393454,0.5608353230129696,0.004392331434934964,0.5608353230129696,0.004392331434934964,0.6117760274151383,0.007885773151817502,0.1124380062432706,0.00844708321694639,0.20180543128863956,0.014493867891123759,0.47594999999999993,0.015147524550235918,0.6140982170620404,0.008180093881450986,abtype5_w90_t0.236
