Algorithm,Captured Time,Mistakes,Mistakes (Std),Updates,Time,Accuracies,Accuracies (Std),Sensitivities,Sensitivities (Std),Specificities,Specificities (Std),Precisions,Precisions (Std),G-Mean,G-Mean (Std),Kappas,Kappas (Std),MCCs,MCCs (Std),Cumulative Errors,Cumulative Errors (Std),Sum,Sum (Std),Dataset
Gaussian_Kernel_Perceptron,67.0,0.832089552238806,0.08726877286213806,64.15,0.005736684799194336,0.16791044776119401,0.08726877286213805,0.46926461664467267,0.04555029290417524,0.39583250523466973,0.13700683757725773,0.39583250523466973,0.13700683757725773,0.41889716435129365,0.10466682513278339,-0.010300549941037646,0.01695500448509925,-0.08025816061111253,0.09531158500602904,0.832089552238806,0.08726877286213806,0.43254856093967115,0.07450718463266578,abtype4_w85_t0.051
Gaussian_Kernel_Perceptron,134.0,0.866044776119403,0.04523859422730968,125.55,0.026269125938415527,0.133955223880597,0.045238594227309685,0.4898588084800214,0.023626910693353556,0.39992093919304805,0.13689872802855776,0.39992093919304805,0.13689872802855776,0.43187798027963514,0.10144418746716936,-0.0037548142716751056,0.009506490074165916,-0.0495230188484901,0.07229126740594644,0.866044776119403,0.04523859422730968,0.4448898738365347,0.07264456133926328,abtype4_w85_t0.051
Gaussian_Kernel_Perceptron,201.0,0.8778606965174129,0.037609933084981235,189.15,0.046339547634124754,0.12213930348258709,0.037609933084981235,0.49188595301437166,0.019554695493870244,0.40396043045556845,0.14236492762259254,0.40396043045556845,0.14236492762259254,0.433593436147762,0.10670054823389143,-0.0026154417875215497,0.0068660247654666415,-0.040591182457274694,0.06490522646278489,0.8778606965174129,0.037609933084981235,0.44792319173497014,0.07419869579556389,abtype4_w85_t0.051
Gaussian_Kernel_Perceptron,268.0,0.8811567164179106,0.030616916534487126,251.2,0.06737767457962036,0.11884328358208955,0.030616916534487115,0.49519702453542014,0.014474809723140235,0.4100191943526509,0.14533114631041932,0.4100191943526509,0.14533114631041932,0.4379290920482794,0.108748411232747,-0.0015532428227582273,0.005363073633207087,-0.029389301603151452,0.056002300012098764,0.8811567164179106,0.030616916534487126,0.45260810944403557,0.07494382117374652,abtype4_w85_t0.051
Gaussian_Kernel_Perceptron,335.0,0.8838805970149254,0.02699636535687022,312.8,0.0888298511505127,0.11611940298507462,0.026996365356870205,0.4969697143440842,0.010945550706946349,0.41169866629951263,0.14652515025085547,0.41169866629951263,0.14652515025085547,0.4395293602344819,0.10929184136757665,-0.0010001609938933397,0.0041110622569565155,-0.02443077895027338,0.05088650256485967,0.8838805970149254,0.02699636535687022,0.45433419032179845,0.07524529513230836,abtype4_w85_t0.051
Gaussian_Kernel_Perceptron,402.0,0.882089552238806,0.02589216479778958,374.2,0.1096474289894104,0.11791044776119404,0.025892164797789566,0.4984413616053935,0.009209844708741971,0.412867203440626,0.1464405191925583,0.412867203440626,0.1464405191925583,0.4408574296433267,0.10915725312406839,-0.0005286122260929671,0.0036430460126232697,-0.01989485264750055,0.045490454727845686,0.882089552238806,0.02589216479778958,0.4556542825230097,0.07498437032685107,abtype4_w85_t0.051
Gaussian_Kernel_Perceptron,469.0,0.8829424307036247,0.022136879103272732,435.3,0.13041834831237792,0.11705756929637526,0.022136879103272736,0.4988423813923518,0.007967620892203165,0.4139220402998699,0.1457857475305585,0.4139220402998699,0.1457857475305585,0.4420185498509042,0.10735648138452243,-0.0003808674038956905,0.003284402799601048,-0.017734828331866397,0.04218865380457244,0.8829424307036247,0.022136879103272732,0.45638221084611086,0.07443937061950569,abtype4_w85_t0.051
Gaussian_Kernel_Perceptron,536.0,0.8855410447761194,0.02001818725020173,497.8,0.1512579560279846,0.11445895522388061,0.020018187250201724,0.4989371932306935,0.007012411869544729,0.41371617590059906,0.14557053355114224,0.41371617590059906,0.14557053355114224,0.4419449298197498,0.107084616660601,-0.00034542332639315163,0.0029273825272905177,-0.016719610860529144,0.03928690398864521,0.8855410447761194,0.02001818725020173,0.45632668456564635,0.07410811561511611,abtype4_w85_t0.051
Gaussian_Kernel_Perceptron,603.0,0.8869817578772802,0.01617468120021142,559.35,0.1724632501602173,0.11301824212271974,0.016174681200211417,0.49910437170388633,0.006055991045714102,0.42209608176338687,0.1399231283181268,0.42209608176338687,0.1399231283181268,0.44726522849111505,0.10423582280485373,-0.00032557593582835387,0.002542320875172917,-0.01357726916376346,0.0325563560547731,0.8869817578772802,0.01617468120021142,0.46060022673363665,0.07088324949790728,abtype4_w85_t0.051
Gaussian_Kernel_Perceptron,670.0,0.8882089552238807,0.013968586466995987,621.65,0.19378387928009033,0.11179104477611941,0.013968586466995987,0.49926785737045154,0.0053945455048873955,0.4242247572365671,0.1398523523479491,0.4242247572365671,0.1398523523479491,0.44850986377248736,0.10417939044398508,-0.00027155693500790503,0.002228582650722878,-0.012199431243532068,0.03039272678254699,0.8882089552238807,0.013968586466995987,0.46174630730350935,0.07073382675468706,abtype4_w85_t0.051
Gaussian_Kernel_Perceptron,737.0,0.8886702849389417,0.011723037274582801,683.0,0.21433967351913452,0.11132971506105835,0.011723037274582801,0.49938093713813564,0.0047336812105107425,0.4257786287911568,0.13977663707339635,0.4257786287911568,0.13977663707339635,0.44946093419645117,0.10389174310484564,-0.0002493543306824553,0.001954151093638762,-0.011076121471349367,0.02815475609921373,0.8886702849389417,0.011723037274582801,0.4625797829646462,0.07057922144536194,abtype4_w85_t0.051
Gaussian_Kernel_Perceptron,804.0,0.8888059701492539,0.012434079042120585,744.9,0.23542025089263915,0.11119402985074629,0.012434079042120584,0.49940088595929844,0.004500108991266742,0.4257586323363629,0.14024320819742564,0.4257586323363629,0.14024320819742564,0.4493579281797528,0.10429140533978552,-0.00021112025813092573,0.001860018576593607,-0.010721406084935567,0.027622350429110966,0.8888059701492539,0.012434079042120585,0.46257975914783067,0.0707785661954535,abtype4_w85_t0.051
Gaussian_Kernel_Perceptron,871.0,0.8896670493685418,0.011468994812519267,806.95,0.2562915921211243,0.1103329506314581,0.011468994812519248,0.4994589643518461,0.004234986098157352,0.42575112657976605,0.13984410782021398,0.42575112657976605,0.13984410782021398,0.44953352082846887,0.10358744166510976,-0.0001894393633807223,0.0017476874308797591,-0.010357675609705538,0.02674910034726904,0.8896670493685418,0.011468994812519267,0.46260504546580605,0.07054318700499017,abtype4_w85_t0.051
Gaussian_Kernel_Perceptron,938.0,0.8910980810234543,0.009584660510649075,869.75,0.27865493297576904,0.10890191897654584,0.009584660510649073,0.49945761906451824,0.0038548526412849806,0.42744624475062387,0.13900057705712104,0.42744624475062387,0.13900057705712104,0.4505352339238959,0.10317673444956736,-0.00020260280911926776,0.0015845724157022094,-0.009698317916715339,0.02465678716796605,0.8910980810234543,0.009584660510649075,0.46345193190757106,0.07001486275380922,abtype4_w85_t0.051
Gaussian_Kernel_Perceptron,1000.0,0.8911999999999999,0.00875556965593902,926.75,0.3001853108406067,0.10880000000000001,0.008755569655939011,0.4995555555555555,0.003611538436254451,0.42774231552259784,0.13889720383526172,0.42774231552259784,0.13889720383526172,0.4507849842837299,0.1029760680093294,-0.00017116569299208129,0.001468348474083952,-0.00913489672615594,0.023780287190732437,0.8911999999999999,0.00875556965593902,0.46364893553907677,0.06993876176484255,abtype4_w85_t0.051
PA1_L1,67.0,0.5253731343283581,0.06914170042925653,65.2,0.005171549320220947,0.47462686567164186,0.06914170042925653,0.510967310419326,0.12077245497352847,0.510162614606646,0.03539627054184086,0.510162614606646,0.03539627054184086,0.5079964144577678,0.08018514187222084,0.021325975416416926,0.06430195287960375,0.023641196063152032,0.12304999029997803,0.5253731343283581,0.06914170042925653,0.5105649625129861,0.07659319793972987,abtype4_w85_t0.051
PA1_L1,134.0,0.4996268656716419,0.04657308372249565,127.45,0.02771974802017212,0.5003731343283582,0.04657308372249564,0.5220580527165187,0.07076313753197219,0.5082223982780021,0.023479671904622634,0.5082223982780021,0.023479671904622634,0.5145715580318526,0.0464138182364488,0.016652735847935352,0.04589282896355383,0.0266186399569658,0.0805175102214267,0.4996268656716419,0.04657308372249565,0.5151402254972602,0.046882265195596205,abtype4_w85_t0.051
PA1_L1,201.0,0.4995024875621891,0.040583111461757436,186.65,0.046355831623077395,0.5004975124378108,0.04058311146175742,0.5153127669517708,0.05246861228146154,0.5056602766051783,0.018867796760523182,0.5056602766051783,0.018867796760523182,0.5101813011948992,0.03557660594533509,0.011788890750695663,0.03747231303987042,0.01850350877309737,0.06256319179218536,0.4995024875621891,0.040583111461757436,0.5104865217784746,0.03558042452787193,abtype4_w85_t0.051
PA1_L1,268.0,0.4998134328358209,0.036890796773880026,245.2,0.06472938060760498,0.5001865671641792,0.03689079677388003,0.5111386923878618,0.05261337475968536,0.5048261765245177,0.019352711102758043,0.5048261765245177,0.019352711102758043,0.5076958188143028,0.035962607493319906,0.009876074268063417,0.037951622175735854,0.01472016351431959,0.06361598288424998,0.4998134328358209,0.036890796773880026,0.5079824344561897,0.03594098734490475,abtype4_w85_t0.051
PA1_L1,335.0,0.5004477611940297,0.03202909960032276,303.85,0.08325939178466797,0.4995522388059703,0.03202909960032277,0.5139611231731565,0.043134430785328706,0.5058212621245337,0.01591381591280302,0.5058212621245337,0.01591381591280302,0.5096924016751533,0.02946172670851881,0.011637160782716071,0.03137745935696837,0.018053454945329832,0.05221736141639388,0.5004477611940297,0.03202909960032276,0.5098911926488451,0.029485487851525712,abtype4_w85_t0.051
PA1_L1,402.0,0.49863184079601985,0.03117377959986925,362.05,0.10229814052581787,0.5013681592039803,0.031173779599869243,0.5158445626135447,0.042277501750345836,0.5065200732001813,0.0160562569738168,0.5065200732001813,0.0160562569738168,0.5109911647205437,0.02914950137373687,0.013202702626727897,0.03187540911438668,0.020333638785832716,0.05199929727848871,0.49863184079601985,0.03117377959986925,0.5111823179068631,0.029143039554900958,abtype4_w85_t0.051
PA1_L1,469.0,0.5019189765458423,0.02473163731129898,419.65,0.12054065465927125,0.4980810234541577,0.02473163731129897,0.5093716793659582,0.03762375980194467,0.5038196339488799,0.013451986357658634,0.5038196339488799,0.013451986357658634,0.5064433929006109,0.02550842727670555,0.007738422021674291,0.026827285005112306,0.011985496359079088,0.044900796725728255,0.5019189765458423,0.02473163731129898,0.5065956566574189,0.025518509478719236,abtype4_w85_t0.051
PA1_L1,536.0,0.4996268656716417,0.022338253055366818,476.45,0.13856528997421264,0.5003731343283584,0.022338253055366807,0.5104164478706152,0.036247342156104145,0.5039485551291074,0.012891805104928506,0.5039485551291074,0.012891805104928506,0.5070399548686605,0.024494392771227745,0.007985409583200981,0.025761668078113694,0.012834725619205572,0.043165127830372754,0.4996268656716417,0.022338253055366818,0.5071825014998613,0.02455497829401557,abtype4_w85_t0.051
PA1_L1,603.0,0.49983416252072965,0.018162043440967807,533.45,0.1576517105102539,0.5001658374792703,0.018162043440967814,0.512805290510433,0.03230983729508625,0.5044761282054353,0.011602032622756112,0.5044761282054353,0.011602032622756112,0.5085212889831319,0.021863965324879383,0.008952304056102162,0.023100463989692562,0.01512722187956279,0.038679025862128506,0.49983416252072965,0.018162043440967807,0.5086407093579342,0.02194508170791193,abtype4_w85_t0.051
PA1_L1,670.0,0.5003731343283582,0.015595943689557,590.85,0.17679684162139891,0.4996268656716418,0.015595943689557008,0.5098805384511367,0.030155169649849874,0.5035593763701818,0.010866133166568502,0.5035593763701818,0.010866133166568502,0.5066200087401663,0.020455603483242494,0.00705322664926013,0.02150403974561748,0.011854190667104674,0.03617607496662181,0.5003731343283582,0.015595943689557,0.5067199574106592,0.020504177102549655,abtype4_w85_t0.051
PA1_L1,737.0,0.500135685210312,0.016747095148564827,648.55,0.1959986925125122,0.4998643147896879,0.016747095148564827,0.5117471916214866,0.03067988776363374,0.5041675807509802,0.011138535055692093,0.5041675807509802,0.011138535055692093,0.5078515744090006,0.020846342689663067,0.008321342994218023,0.022142025254538487,0.013992170515820046,0.03695728550995204,0.500135685210312,0.016747095148564827,0.5079573861862334,0.020905852236995905,abtype4_w85_t0.051
PA1_L1,804.0,0.4990049751243782,0.016461197270214622,705.2,0.2160109043121338,0.5009950248756219,0.016461197270214622,0.5123824698621878,0.02945669741530549,0.5043215334380129,0.010548024276771838,0.5043215334380129,0.010548024276771838,0.5082503605152385,0.019939138833420793,0.008700270442286185,0.020988657390640396,0.014628452093087963,0.035241944811719245,0.4990049751243782,0.016461197270214622,0.5083520016501002,0.01999955290767138,abtype4_w85_t0.051
PA1_L1,871.0,0.49701492537313435,0.016849794676012334,760.75,0.2362673044204712,0.5029850746268657,0.016849794676012324,0.5123840627795239,0.028593059995862067,0.5044604715395852,0.010485306423658261,0.5044604715395852,0.010485306423658261,0.5083279597223879,0.019489223235368718,0.009029223894187638,0.02088617648897711,0.014861753051798359,0.034621344419069805,0.49701492537313435,0.016849794676012334,0.5084222671595544,0.019537027717632882,abtype4_w85_t0.051
PA1_L1,938.0,0.4947228144989338,0.01779290230139279,817.0,0.2566821813583374,0.5052771855010662,0.017792902301392795,0.5146431697232305,0.029584064908955085,0.5053211887736684,0.010753235071582426,0.5053211887736684,0.010753235071582426,0.5098763236599193,0.020107744678716042,0.01081225380554061,0.021472887935520116,0.01765379651350426,0.035670348679807944,0.4947228144989338,0.01779290230139279,0.5099821792484494,0.020168205011213018,abtype4_w85_t0.051
PA1_L1,1000.0,0.49450000000000005,0.015736899313397164,869.4,0.2760284662246704,0.5055000000000001,0.015736899313397175,0.5126111111111111,0.0261678461635555,0.5045395565134818,0.009428535611352491,0.5045395565134818,0.009428535611352491,0.5084919897522576,0.017753968980520955,0.009220943483581384,0.01884600474073775,0.015132595610477792,0.031414925242463115,0.49450000000000005,0.015736899313397164,0.5085753338122965,0.017798189812383833,abtype4_w85_t0.051
PA1_L2,67.0,0.5141791044776118,0.07334344152237593,53.6,0.005156171321868896,0.48582089552238816,0.07334344152237593,0.4870214235361421,0.10684714242919728,0.49713339434369364,0.03926037074989782,0.49713339434369364,0.03926037074989782,0.49069151553557544,0.07376437944953462,-0.0030987377809629456,0.07762922419128912,-0.012920807753450692,0.12806562905020916,0.5141791044776118,0.07334344152237593,0.49207740893991786,0.07274468355799982,abtype4_w85_t0.051
PA1_L2,134.0,0.5026119402985074,0.05187909200365868,98.55,0.023308193683624266,0.4973880597014926,0.05187909200365866,0.5021798518251878,0.07374692146119556,0.5015438674672229,0.026480829942166186,0.5015438674672229,0.026480829942166186,0.5013196449229919,0.04978836365408704,0.003874801799126237,0.05246778291440545,0.0038918636639489424,0.08796865905915008,0.5026119402985074,0.05187909200365868,0.5018618596462053,0.05002481325432161,abtype4_w85_t0.051
PA1_L2,201.0,0.5014925373134327,0.036342253468158545,141.75,0.04125658273696899,0.4985074626865673,0.03634225346815856,0.4988826297902732,0.05670330045739929,0.4995062033868335,0.021632443396653104,0.4995062033868335,0.021632443396653104,0.49887062658126285,0.03912863216655715,-0.0007567503174953583,0.04226792974324623,-0.0013887710873412868,0.06951411830616594,0.5014925373134327,0.036342253468158545,0.4991944165885533,0.039048668502682016,abtype4_w85_t0.051
PA1_L2,268.0,0.5007462686567165,0.03427152986031354,185.7,0.05812917947769165,0.49925373134328355,0.03427152986031353,0.5048564132293902,0.06054885952586417,0.5013894244477822,0.020850888890370903,0.5013894244477822,0.020850888890370903,0.5027195869379761,0.04062052683302789,0.0031836728867753517,0.04134034111816543,0.005322469481982701,0.07062603719165282,0.5007462686567165,0.03427152986031354,0.5031229188385862,0.04060668548482568,abtype4_w85_t0.051
PA1_L2,335.0,0.49970149253731344,0.028230663683670186,229.35,0.07550637722015381,0.5002985074626867,0.028230663683670193,0.5073438789470884,0.05011894676429908,0.5018727570281742,0.017757825216383152,0.5018727570281742,0.017757825216383152,0.5043360048167146,0.03398420457701015,0.003707033828687989,0.035594885451145086,0.007498927495926759,0.0595770240676252,0.49970149253731344,0.028230663683670186,0.5046083179876313,0.03392112333976277,abtype4_w85_t0.051
PA1_L2,402.0,0.49975124378109453,0.026206913341208112,271.4,0.092872953414917,0.5002487562189055,0.026206913341208116,0.5091354253376854,0.04618067367015503,0.5024549260048327,0.016380865697237488,0.5024549260048327,0.016380865697237488,0.5055607196153036,0.031309581064221305,0.004887362999057954,0.03255684324432086,0.009547850270480327,0.054916848121669026,0.49975124378109453,0.026206913341208112,0.5057951756712591,0.031263575536756384,abtype4_w85_t0.051
PA1_L2,469.0,0.49637526652452024,0.024260232498731785,312.55,0.11034170389175416,0.5036247334754798,0.024260232498731785,0.5069887570986131,0.04238331475869837,0.5021251599308292,0.015340026782282688,0.5021251599308292,0.015340026782282688,0.5043650352134533,0.028926602890907274,0.004267079508293992,0.030454232874623382,0.007722353765430808,0.050949775231512714,0.49637526652452024,0.024260232498731785,0.5045569585147212,0.02885183924129264,abtype4_w85_t0.051
PA1_L2,536.0,0.49710820895522384,0.026624088719309446,355.5,0.12812992334365844,0.5028917910447761,0.026624088719309436,0.5103606208019567,0.03901429272910778,0.5033804443111796,0.014434149188744673,0.5033804443111796,0.014434149188744673,0.5067081602983909,0.026739772001339427,0.007027593459860465,0.028504160316551435,0.01184851643287052,0.047436092911630985,0.49710820895522384,0.026624088719309446,0.5068705325565681,0.02671936480740779,abtype4_w85_t0.051
PA1_L2,603.0,0.4933665008291874,0.023776144330067486,396.65,0.1464407205581665,0.5066334991708126,0.02377614433006748,0.5143475336523957,0.03367941505106859,0.504797817329033,0.012579254592712726,0.504797817329033,0.012579254592712726,0.5094405855861137,0.023134089918249674,0.00981661272558954,0.02488007764057016,0.016610599315082544,0.041145734435157094,0.4933665008291874,0.023776144330067486,0.5095726754907144,0.023126330713199403,abtype4_w85_t0.051
PA1_L2,670.0,0.49320895522388053,0.02035262211606484,438.95,0.1650625228881836,0.5067910447761196,0.020352622116064843,0.5134835924271975,0.03187128486805115,0.5047611567249031,0.011619275136084257,0.5047611567249031,0.011619275136084257,0.5090015260537745,0.021774144095506216,0.009648664908907345,0.023055965759788626,0.016024553800621535,0.0384757439946425,0.49320895522388053,0.02035262211606484,0.5091223745760505,0.021742676701204607,abtype4_w85_t0.051
PA1_L2,737.0,0.4921981004070556,0.020741982016567774,480.85,0.18365108966827393,0.5078018995929444,0.02074198201656777,0.5159870645354858,0.03305958215184473,0.5057080478962074,0.012114553862844388,0.5057080478962074,0.012114553862844388,0.510713309496909,0.022605406056610385,0.011545253112267423,0.023964995765043358,0.019103149110067334,0.040015001584049754,0.4921981004070556,0.020741982016567774,0.5108475562158465,0.0225845846542514,abtype4_w85_t0.051
PA1_L2,804.0,0.49272388059701494,0.01980025671140349,523.55,0.2024760961532593,0.5072761194029851,0.019800256711403497,0.5173090502505309,0.03377780759206341,0.5061777507991779,0.01246434288014578,0.5061777507991779,0.01246434288014578,0.5116023015322939,0.02311159176877318,0.012445318298175268,0.02485055413403596,0.02068162380819922,0.04102329540815823,0.49272388059701494,0.01980025671140349,0.5117434005248543,0.02311794917303591,abtype4_w85_t0.051
PA1_L2,871.0,0.4925373134328358,0.018462737935912923,566.25,0.2216528296470642,0.5074626865671642,0.018462737935912927,0.5202649977428273,0.028813552177375756,0.5072438255160365,0.010477004034282344,0.5072438255160365,0.010477004034282344,0.5136312980668684,0.019643652577056914,0.014614838512921946,0.02071751702731525,0.024230861105340926,0.03474410186006574,0.4925373134328358,0.018462737935912923,0.513754411629432,0.01964395459889227,abtype4_w85_t0.051
PA1_L2,938.0,0.49232409381663106,0.016888824177665535,608.1,0.24103038311004638,0.5076759061833689,0.016888824177665553,0.5210487846668899,0.027871405687809814,0.5075739126386652,0.010151205890837286,0.5075739126386652,0.010151205890837286,0.5141911122732574,0.019003072026071634,0.015227020900051513,0.01995844919971754,0.02525194950245886,0.033636456177265774,0.49232409381663106,0.016888824177665535,0.5143113486527777,0.01901022746141118,abtype4_w85_t0.051
PA1_L2,1000.0,0.49165000000000003,0.01630421724585392,646.85,0.26023616790771487,0.5083499999999999,0.016304217245853916,0.5226388888888889,0.028448499602432977,0.508157843610865,0.010250608786990587,0.508157843610865,0.010250608786990587,0.5152683083081844,0.019319304428421457,0.016377815341525125,0.020307083186428182,0.027179733824912716,0.03415343835112272,0.49165000000000003,0.01630421724585392,0.515398366249877,0.019349552455893298,abtype4_w85_t0.051
PA2_L1,67.0,0.505223880597015,0.06389646197191519,44.2,0.004194045066833496,0.49477611940298505,0.06389646197191517,0.5277551620196506,0.09471364273852809,0.5044629560166887,0.033327512865391956,0.5044629560166887,0.033327512865391956,0.5150408881740106,0.0612990467558843,0.007973690400518102,0.06435581969064406,0.02277477266832856,0.10556435077355676,0.505223880597015,0.06389646197191519,0.5161090590181697,0.06257978569814528,abtype4_w85_t0.051
PA2_L1,134.0,0.49179104477611946,0.04038823620219346,81.7,0.022103822231292723,0.5082089552238805,0.040388236202193444,0.5311459001168648,0.061122783125040464,0.5089768943792726,0.022620621231277022,0.5089768943792726,0.022620621231277022,0.5195890360600641,0.04123606725197575,0.017082263866114472,0.04309920110187534,0.033517396396329155,0.07296378342357003,0.49179104477611946,0.04038823620219346,0.5200613972480685,0.041569414798568696,abtype4_w85_t0.051
PA2_L1,201.0,0.4990049751243782,0.034508145540019575,121.05,0.03884503841400146,0.5009950248756219,0.034508145540019575,0.509593158604649,0.039222149087626924,0.502773853394604,0.015181952367071525,0.502773853394604,0.015181952367071525,0.5060273249818515,0.027027633041278865,0.00505693249887273,0.02916011670890274,0.010345303336698109,0.04832739393734212,0.4990049751243782,0.034508145540019575,0.5061835059996266,0.027096723872817044,abtype4_w85_t0.051
PA2_L1,268.0,0.49850746268656704,0.037190094662575966,158.65,0.05504982471466065,0.5014925373134329,0.03719009466257596,0.5057573807752158,0.033446588762833115,0.5022077674936319,0.012185480005384554,0.5022077674936319,0.012185480005384554,0.5038666778447032,0.02276794383720668,0.004316256222430731,0.0251273260138201,0.007126131754538067,0.0402362391862087,0.49850746268656704,0.037190094662575966,0.5039825741344239,0.02278489990871231,abtype4_w85_t0.051
PA2_L1,335.0,0.4989552238805971,0.03578698643790747,197.1,0.07155394554138184,0.5010447761194029,0.03578698643790746,0.5025583103005715,0.03566790250771933,0.5010904062609196,0.012990362767380892,0.5010904062609196,0.012990362767380892,0.5016928830641051,0.02429105353856547,0.002274132274025775,0.026706286791604708,0.0033329456414097187,0.042833108072128305,0.4989552238805971,0.03578698643790747,0.5018243582807455,0.024280967010570736,abtype4_w85_t0.051
PA2_L1,402.0,0.49850746268656715,0.03127212961157756,235.6,0.08838874101638794,0.5014925373134329,0.03127212961157757,0.5083721794810996,0.031246498626964762,0.5030924430989817,0.011712685838145782,0.5030924430989817,0.011712685838145782,0.5056323168842078,0.021391096108617936,0.006352263643591466,0.02372396294464763,0.010145117603020665,0.03813537610066056,0.49850746268656715,0.03127212961157756,0.5057323112900407,0.021449736999713198,abtype4_w85_t0.051
PA2_L1,469.0,0.4981876332622601,0.026820578462487064,273.5,0.10513849258422851,0.5018123667377399,0.02682057846248706,0.507922092511074,0.02896316255853135,0.5030300348273872,0.010381333238440956,0.5030300348273872,0.010381333238440956,0.5053848040885203,0.01964534302584742,0.006147895942568227,0.02059897244849568,0.009788545290587373,0.03462496973214467,0.4981876332622601,0.026820578462487064,0.5054760636692306,0.019659479308336877,abtype4_w85_t0.051
PA2_L1,536.0,0.4963619402985075,0.021880717596031087,311.0,0.12228838205337525,0.5036380597014926,0.021880717596031087,0.5126453013350837,0.025687294183117732,0.5046319186942898,0.009361304916028787,0.5046319186942898,0.009361304916028787,0.5085584868859196,0.017459334791190582,0.009290315935401555,0.018598985639036107,0.015287174382926186,0.030953417595269032,0.4963619402985075,0.021880717596031087,0.5086386100146866,0.017508804767913548,abtype4_w85_t0.051
PA2_L1,603.0,0.49527363184079604,0.022052487841387757,348.5,0.13989349603652954,0.504726368159204,0.02205248784138775,0.5132903030249653,0.024683863490547256,0.5049114210791441,0.009094449474314077,0.5049114210791441,0.009094449474314077,0.5090257884645724,0.016809418980482646,0.010038497196086788,0.01845732271582618,0.01614922881631928,0.02991644621580381,0.49527363184079604,0.022052487841387757,0.5091008620520545,0.01687712395509991,abtype4_w85_t0.051
PA2_L1,670.0,0.49485074626865677,0.02119442400306184,386.25,0.1592043161392212,0.5051492537313432,0.021194424003061842,0.5164898172473585,0.02335767987072219,0.5059396330256047,0.008364416436306787,0.5059396330256047,0.008364416436306787,0.5111345001033426,0.015771152763780064,0.012048303997222282,0.016965326497022787,0.01978105044303205,0.027904037682990046,0.49485074626865677,0.02119442400306184,0.5112147251364816,0.01584787353927697,abtype4_w85_t0.051
PA2_L1,737.0,0.49389416553595666,0.01855467344800182,423.9,0.17652348279953003,0.5061058344640434,0.01855467344800182,0.5194724000251509,0.0228727618098429,0.507040955149279,0.00820560899687413,0.507040955149279,0.00820560899687413,0.5131689969781681,0.01544841019661565,0.014128333025410661,0.01652971324579108,0.023412350266299144,0.027375953953728376,0.49389416553595666,0.01855467344800182,0.5132566775872148,0.015532845532144495,abtype4_w85_t0.051
PA2_L1,804.0,0.4929726368159204,0.017086831816901307,460.9,0.19448825120925903,0.5070273631840796,0.017086831816901314,0.5204324333700273,0.020749359711207657,0.5073603263819895,0.00752020813942394,0.5073603263819895,0.00752020813942394,0.5138144843783601,0.014038073008853617,0.014772427300486252,0.015092469820344494,0.024519942323923866,0.02495636847791713,0.4929726368159204,0.017086831816901307,0.5138963798760083,0.0141274082169121,abtype4_w85_t0.051
PA2_L1,871.0,0.49213547646383465,0.01665851413338912,497.7,0.2132211446762085,0.5078645235361654,0.01665851413338912,0.5192766192950711,0.023971245057801058,0.5068903062997109,0.008679970410535176,0.5068903062997109,0.008679970410535176,0.5129916104873395,0.016241449671476584,0.01387644446894642,0.017411503667889856,0.023046837954626042,0.028839218817967346,0.49213547646383465,0.01665851413338912,0.513083462797391,0.01632289415273604,abtype4_w85_t0.051
PA2_L1,938.0,0.4930170575692963,0.016046369874588167,536.3,0.23117008209228515,0.5069829424307037,0.016046369874588164,0.5181421369752899,0.023280348495052176,0.506513912749003,0.008435599993535553,0.506513912749003,0.008435599993535553,0.5122436080656646,0.015780293694271457,0.013120647340218321,0.016958912830852803,0.021741165542312778,0.028024078309676417,0.4930170575692963,0.016046369874588167,0.5123280248621465,0.0158571356236678,abtype4_w85_t0.051
PA2_L1,1000.0,0.49284999999999995,0.015887967144981138,571.5,0.24889308214187622,0.50715,0.015887967144981148,0.5184166666666666,0.022464151826497934,0.506639758738648,0.008097593870394623,0.506639758738648,0.008097593870394623,0.5124460633908096,0.01521290537818862,0.013344868831700529,0.016259231920189885,0.022116256564622884,0.026974467262066655,0.49284999999999995,0.015887967144981138,0.5125282127026572,0.015280870730692515,abtype4_w85_t0.051
PA2_L2,67.0,0.5074626865671641,0.058950500472034324,53.25,0.005748200416564942,0.49253731343283585,0.058950500472034324,0.47799613889072967,0.12033793095961892,0.49321366509275244,0.03575011412864712,0.49321366509275244,0.03575011412864712,0.483082792034027,0.08099658100433041,-0.01236032928504443,0.06873942615636919,-0.02498668591120656,0.12912698376148488,0.5074626865671641,0.058950500472034324,0.48560490199174106,0.07763648200178701,abtype4_w85_t0.051
PA2_L2,134.0,0.507089552238806,0.043159562416966855,100.65,0.02781323194503784,0.49291044776119397,0.04315956241696687,0.49689389576267445,0.07796318848791703,0.4993565877249222,0.026663060886352355,0.4993565877249222,0.026663060886352355,0.49737743455854977,0.05272808184994238,-0.0010323151507127093,0.05182860650851497,-0.003068228068184127,0.09026555874641702,0.507089552238806,0.043159562416966855,0.49812524174379835,0.05211483263785011,abtype4_w85_t0.051
PA2_L2,201.0,0.5057213930348258,0.0317892539923379,144.5,0.048343849182128903,0.4942786069651742,0.03178925399233792,0.5016278058428196,0.048054528937834885,0.5003874909645296,0.016659909372846882,0.5003874909645296,0.016659909372846882,0.5007602108861946,0.032253333931882885,0.0007489185893767292,0.032486192960179544,0.0016342217428176563,0.056311642940231034,0.5057213930348258,0.0317892539923379,0.5010076484036745,0.03229692213393896,abtype4_w85_t0.051
PA2_L2,268.0,0.49664179104477607,0.02466358637262797,187.95,0.06827477216720582,0.503358208955224,0.024663586372627975,0.5163301103454918,0.0478596710653243,0.5059815995131786,0.01751692310629385,0.5059815995131786,0.01751692310629385,0.51091377535344,0.03243101802997976,0.011373306358150675,0.033875230704641955,0.01975195520873544,0.05766339960110136,0.49664179104477607,0.02466358637262797,0.5111558549293351,0.03263293598295077,abtype4_w85_t0.051
PA2_L2,335.0,0.4956716417910448,0.02765788835303246,231.2,0.09159731864929199,0.5043283582089553,0.027657888353032452,0.5184336482549672,0.04111926236085188,0.5069017140246251,0.014502271299409042,0.5069017140246251,0.014502271299409042,0.5124692615689296,0.02758998045392189,0.013459943392203183,0.02816599173007855,0.02253046564365602,0.048635972864763,0.4956716417910448,0.02765788835303246,0.5126676811397962,0.027763293851237124,abtype4_w85_t0.051
PA2_L2,402.0,0.49353233830845766,0.025772392831700342,273.75,0.11321885585784912,0.5064676616915423,0.025772392831700318,0.5222556646603626,0.03459372752757423,0.5080376825367912,0.01239563905910804,0.5080376825367912,0.01239563905910804,0.5149840496471076,0.023293557565222143,0.015515910462284321,0.024145208176624754,0.02671457989143348,0.04128294668301877,0.49353233830845766,0.025772392831700342,0.5151466735985769,0.023460526157620353,abtype4_w85_t0.051
PA2_L2,469.0,0.4928571428571429,0.024840542836456984,316.1,0.13446604013442992,0.5071428571428571,0.024840542836456977,0.5242143021775789,0.03613754176873495,0.5086534007063873,0.01319287308695653,0.5086534007063873,0.01319287308695653,0.5162534005937581,0.024487167955945632,0.016948217371355028,0.026390712719863006,0.028914440477805524,0.04355834524418072,0.4928571428571429,0.024840542836456984,0.5164338514419831,0.02463528394659393,abtype4_w85_t0.051
PA2_L2,536.0,0.4941231343283582,0.022444541625162327,358.55,0.1547796368598938,0.5058768656716419,0.022444541625162337,0.5206976098642937,0.0354255599293463,0.5072641171503263,0.012744321181953263,0.5072641171503263,0.012744321181953263,0.5138186945977594,0.023893261532952615,0.014157700221752157,0.025329009674035063,0.024490168257022583,0.04241383133853316,0.4941231343283582,0.022444541625162327,0.51398086350731,0.024062621470654133,abtype4_w85_t0.051
PA2_L2,603.0,0.49129353233830847,0.0188273019486124,398.35,0.1741365909576416,0.5087064676616915,0.018827301948612412,0.5198903638705225,0.034502394640353186,0.5069281992723685,0.012414783681044485,0.5069281992723685,0.012414783681044485,0.5132566584016087,0.023260602056228114,0.013660498609460826,0.02492962386551209,0.023455948732471792,0.04130985584207765,0.49129353233830847,0.0188273019486124,0.5134092815714455,0.023437556085761122,abtype4_w85_t0.051
PA2_L2,670.0,0.48858208955223875,0.019774148029030315,440.6,0.19538997411727904,0.5114179104477612,0.019774148029030315,0.5215913653958114,0.0349833796397047,0.5078129155403309,0.012572486807393224,0.5078129155403309,0.012572486807393224,0.5145426534009181,0.023567766009292297,0.015565652255976331,0.025390995508434544,0.025962254892390447,0.041901390224209634,0.48858208955223875,0.019774148029030315,0.5147021404680713,0.023766593350601647,abtype4_w85_t0.051
PA2_L2,737.0,0.4905020352781547,0.01764690359726225,484.0,0.21592801809310913,0.5094979647218454,0.017646903597262238,0.5171689311689883,0.029926546868465607,0.5061675896999522,0.01078375627362842,0.5061675896999522,0.01078375627362842,0.5115542329031243,0.020220111492149938,0.012272458393003676,0.02174895533119033,0.020578406552301958,0.035914229566049005,0.4905020352781547,0.01764690359726225,0.5116682604344702,0.02035164066815471,abtype4_w85_t0.051
PA2_L2,804.0,0.49017412935323385,0.01864385958327532,527.0,0.23644754886627198,0.5098258706467662,0.018643859583275326,0.5180156383450638,0.031366624819916325,0.5064691877291325,0.0112389977411593,0.5064691877291325,0.0112389977411593,0.512116176535373,0.02117240229345462,0.012932175166271842,0.02272034505539407,0.02158742648731416,0.03754099654515021,0.49017412935323385,0.01864385958327532,0.5122424130370983,0.021299993144156773,abtype4_w85_t0.051
PA2_L2,871.0,0.4895522388059702,0.017537853654249164,569.8,0.2577184557914734,0.5104477611940298,0.017537853654249164,0.5189752265160159,0.03177481631043717,0.5067338372740869,0.011174745758522805,0.5067338372740869,0.011174745758522805,0.5127195840218213,0.021350809439049333,0.013542703333210065,0.0225181398884212,0.022605154809539854,0.03768016731225516,0.4895522388059702,0.017537853654249164,0.5128545318950514,0.021472981485202932,abtype4_w85_t0.051
PA2_L2,938.0,0.48971215351812364,0.015168125642188026,614.3,0.2786855578422546,0.5102878464818763,0.015168125642188017,0.5209151697731631,0.028087335965590127,0.5075105102575631,0.010065858523125557,0.5075105102575631,0.010065858523125557,0.5140944133794784,0.018959886961678652,0.015069634672139277,0.020218780747170886,0.025065036039471876,0.03362375102878639,0.48971215351812364,0.015168125642188026,0.5142128400153629,0.019075239760383094,abtype4_w85_t0.051
PA2_L2,1000.0,0.4901999999999999,0.01400571312000929,653.95,0.2991426944732666,0.5098,0.01400571312000929,0.5205555555555554,0.026920092087968268,0.5074028681216083,0.009693229634916221,0.5074028681216083,0.009693229634916221,0.5138690944251462,0.018190060426782544,0.014857805026883547,0.019432266031478494,0.024671444782049155,0.03230743680080308,0.4901999999999999,0.01400571312000929,0.513979211838582,0.018306660366020914,abtype4_w85_t0.051
OGD_1,67.0,0.5029850746268657,0.04907248424708537,41.9,0.0029012560844421387,0.4970149253731343,0.04907248424708536,0.5387355601978916,0.07698062769048948,0.5127582931866861,0.030167935891154952,0.5127582931866861,0.030167935891154952,0.5250713528369685,0.05289800033477412,0.024029488482580345,0.06038581507588087,0.04413149917897683,0.09516932304534254,0.5029850746268657,0.04907248424708537,0.5257469266922887,0.053268463377477225,abtype4_w85_t0.051
OGD_1,134.0,0.49626865671641796,0.036215180771793816,82.45,0.019718289375305176,0.503731343283582,0.03621518077179381,0.5447279641181666,0.06310813429172814,0.5138368568532392,0.020044555599651598,0.5138368568532392,0.020044555599651598,0.5286267739744248,0.040194879048365086,0.02642683855852055,0.0390096496026516,0.04901757808099588,0.068667408233765,0.49626865671641796,0.036215180771793816,0.5292824104857029,0.040943863723777556,abtype4_w85_t0.051
OGD_1,201.0,0.49601990049751243,0.03345193129157063,123.85,0.036194217205047605,0.5039800995024877,0.03345193129157062,0.5334622743767257,0.059889837334644605,0.5107550786100706,0.01899360723282618,0.5107550786100706,0.01899360723282618,0.521602653433252,0.03827398174962806,0.021162796278368663,0.037564123660860996,0.03748065634170027,0.06555453772945975,0.49601990049751243,0.03345193129157063,0.5221086764933982,0.03898355248454818,abtype4_w85_t0.051
OGD_1,268.0,0.49347014925373134,0.027467223627491516,165.45,0.05206553936004639,0.5065298507462687,0.02746722362749151,0.5305595128796755,0.05123822545499799,0.5093253882873303,0.016257778635173047,0.5093253882873303,0.016257778635173047,0.519563526036672,0.03303780617622961,0.018413751510404842,0.03185211830351116,0.03367006084659422,0.05698720529176593,0.49347014925373134,0.027467223627491516,0.5199424505835027,0.033579457072620396,abtype4_w85_t0.051
OGD_1,335.0,0.49477611940298505,0.02389691606589559,207.45,0.06822973489761353,0.505223880597015,0.02389691606589559,0.5219324778125926,0.042338622941514845,0.5072292558849975,0.01472796126164786,0.5072292558849975,0.01472796126164786,0.5143582652623049,0.02819117232239707,0.014310162491993789,0.028964020658728516,0.025165589338222782,0.04979854094563898,0.49477611940298505,0.02389691606589559,0.5145808668487949,0.028499831711946682,abtype4_w85_t0.051
OGD_1,402.0,0.49502487562189057,0.023001544787197663,248.9,0.08514184951782226,0.5049751243781094,0.02300154478719766,0.5160589408880668,0.0388222799086663,0.505322613430775,0.013608184557705585,0.505322613430775,0.013608184557705585,0.510515056491769,0.026020071746983526,0.010651882178043276,0.026773937695915892,0.018500667833332228,0.04588338267919216,0.49502487562189057,0.023001544787197663,0.5106907771594209,0.026197236464634767,abtype4_w85_t0.051
OGD_1,469.0,0.49243070362473346,0.020688621460211037,292.15,0.10237607955932618,0.5075692963752665,0.020688621460211047,0.5190968316427527,0.03710249764658484,0.5064740169400712,0.012893240956932523,0.5064740169400712,0.012893240956932523,0.5126102670273703,0.024819951732830102,0.012948620104935426,0.025528419134539994,0.022231431469751615,0.04365008307811372,0.49243070362473346,0.020688621460211037,0.5127854242914118,0.02497672776723799,abtype4_w85_t0.051
OGD_1,536.0,0.49169776119402986,0.01691985213264845,336.1,0.11950078010559081,0.5083022388059701,0.016919852132648454,0.5167019175496758,0.031699202890550594,0.5058178200448902,0.011386422475694278,0.5058178200448902,0.011386422475694278,0.5111330716035217,0.02143965983889002,0.01155865436289238,0.022531436286391874,0.019704720237386623,0.037933526261966416,0.49169776119402986,0.01691985213264845,0.511259868797283,0.021527696035714985,abtype4_w85_t0.051
OGD_1,603.0,0.4946932006633499,0.01446783505568137,381.0,0.13652594089508058,0.50530679933665,0.014467835055681368,0.5119105696669175,0.03228573132040036,0.5040471496597612,0.011256736347820352,0.5040471496597612,0.011256736347820352,0.5078598183632808,0.021637633238345572,0.007915098748818688,0.02200181480727059,0.013883065535348233,0.03809135018020725,0.4946932006633499,0.01446783505568137,0.5079788596633392,0.021763042513354727,abtype4_w85_t0.051
OGD_1,670.0,0.49313432835820886,0.012437412928955017,425.0,0.1538565754890442,0.5068656716417912,0.012437412928955031,0.5137753875150994,0.029052966310752236,0.5047089921167089,0.01009822121764005,0.5047089921167089,0.01009822121764005,0.5091387561480339,0.019436068883602435,0.009199905865749924,0.019748239126172334,0.016105286381666774,0.03423442170402602,0.49313432835820886,0.012437412928955017,0.5092421898159043,0.019570388857978543,abtype4_w85_t0.051
OGD_1,737.0,0.4931478968792402,0.013490105840246175,469.05,0.17134233713150024,0.5068521031207598,0.013490105840246167,0.5100315694961709,0.026041026841446702,0.5034242977205178,0.009173050384239998,0.5034242977205178,0.009173050384239998,0.506649639229676,0.01752506402758987,0.006710986243646522,0.01800248561320113,0.011722948721569256,0.030899469944029943,0.4931478968792402,0.013490105840246175,0.5067279336083443,0.01760454597516024,abtype4_w85_t0.051
OGD_1,804.0,0.4932213930348259,0.014140182898627,516.5,0.18894689083099364,0.5067786069651741,0.014140182898626995,0.509778904520864,0.026005656289100187,0.503445994901751,0.009209602789287908,0.503445994901751,0.009209602789287908,0.5065352849055255,0.017537191917667266,0.006745661245482948,0.018094495632984025,0.011608055008148823,0.030945856465983097,0.4932213930348259,0.014140182898627,0.5066124497113076,0.017606187258026512,abtype4_w85_t0.051
OGD_1,871.0,0.49357060849598156,0.013957395005666392,563.65,0.20658355951309204,0.5064293915040184,0.013957395005666385,0.5075335210837908,0.025082717973785962,0.5027399022969068,0.008902231684778336,0.5027399022969068,0.008902231684778336,0.505066993142125,0.016966253268530594,0.005355214044382483,0.01761764013535514,0.009085648823973207,0.0298779094055939,0.49357060849598156,0.013957395005666392,0.5051367116903488,0.01699065543894739,abtype4_w85_t0.051
OGD_1,938.0,0.49392324093816625,0.013367101490512942,612.4,0.2247105836868286,0.5060767590618337,0.013367101490512923,0.5070109026035488,0.027094427208552416,0.5025143041962344,0.009556480508602304,0.5025143041962344,0.009556480508602304,0.5046815226242366,0.018319270647161337,0.004876320745667961,0.018999883945851274,0.008396605925103443,0.03217488509411291,0.49392324093816625,0.013367101490512942,0.5047626033998915,0.018323770987028556,abtype4_w85_t0.051
OGD_1,1000.0,0.49400000000000005,0.012988456413292547,657.5,0.24315165281295775,0.506,0.012988456413292547,0.5088888888888888,0.025341494786706886,0.5032056311671502,0.009129863739875092,0.5032056311671502,0.009129863739875092,0.5059749720734309,0.0172176217102528,0.006306238524435443,0.01817901993865587,0.010676046785728446,0.030421330694375366,0.49400000000000005,0.012988456413292547,0.5060472600280197,0.0172356783990366,abtype4_w85_t0.051
OGD_2,67.0,0.5059701492537314,0.059495914710432085,56.45,0.0029126763343811034,0.49402985074626865,0.059495914710432085,0.5107394924335266,0.09730634051195847,0.5079035090190103,0.0425780904118113,0.5079035090190103,0.0425780904118113,0.5084342475552358,0.06831197995704928,0.015809084665454436,0.08458458138498667,0.018263952786254277,0.12275205861569724,0.5059701492537314,0.059495914710432085,0.5093215007262685,0.06857929401287005,abtype4_w85_t0.051
OGD_2,134.0,0.4951492537313433,0.049178764748673706,112.0,0.020241296291351317,0.5048507462686567,0.04917876474867369,0.5150350929368518,0.08798057566257259,0.5072935819436007,0.031733475301530555,0.5072935819436007,0.031733475301530555,0.510352014683578,0.05958709478074108,0.014414012852082814,0.06486089006040271,0.021085404848093587,0.10458135094494947,0.4951492537313433,0.049178764748673706,0.5111643374402263,0.0596221486015069,abtype4_w85_t0.051
OGD_2,201.0,0.5037313432835822,0.03973486421484817,167.75,0.03568092584609985,0.49626865671641796,0.03973486421484817,0.49092834658677387,0.07226628924238797,0.49907333761334793,0.02636919645791501,0.49907333761334793,0.02636919645791501,0.49444672871719575,0.04909547726632765,-0.0017110306104924644,0.05207240261045343,-0.006843421242928527,0.08661139009406929,0.5037313432835822,0.03973486421484817,0.4950008421000608,0.049181096512945506,abtype4_w85_t0.051
OGD_2,268.0,0.5,0.03351984280817269,222.95,0.05121798515319824,0.5,0.03351984280817269,0.4990294829554441,0.05894118090163046,0.5012381198629837,0.0222965100717742,0.5012381198629837,0.0222965100717742,0.49980628908600233,0.0403714247971741,0.002444431967331834,0.0430738638433342,0.0015189723889329147,0.07216094017072955,0.5,0.03351984280817269,0.5001338014092138,0.040553528459435204,abtype4_w85_t0.051
OGD_2,335.0,0.5031343283582089,0.025599951965871625,279.9,0.06718488931655883,0.4968656716417911,0.02559995196587162,0.4995259158485106,0.05398515958386522,0.500855625779051,0.019461546592012498,0.500855625779051,0.019461546592012498,0.4998977123966024,0.03655380079838,0.0014577028836404381,0.03741764713217223,0.0011812101312408442,0.06458431958422725,0.5031343283582089,0.025599951965871625,0.5001907708137808,0.036675009628687374,abtype4_w85_t0.051
OGD_2,402.0,0.5038557213930348,0.02432824375030304,337.75,0.0835028886795044,0.4961442786069652,0.024328243750303045,0.5003844132005721,0.04647884455866859,0.5007539730063495,0.016286396379489733,0.5007539730063495,0.016286396379489733,0.5003385638251654,0.03136643820440304,0.0014054108607345628,0.031467162864538496,0.0015086725161698833,0.05487330023275829,0.5038557213930348,0.02432824375030304,0.5005691931034608,0.03135134610261352,abtype4_w85_t0.051
OGD_2,469.0,0.5,0.019053054841803932,395.7,0.1002966284751892,0.4999999999999999,0.01905305484180393,0.5005084635595158,0.040574757069684886,0.5007458052497127,0.015433624345732996,0.5007458052497127,0.015433624345732996,0.5004696200742742,0.02793866436345247,0.0012422553444234208,0.030260578419046946,0.0015208043853416145,0.04990779368367697,0.5,0.019053054841803932,0.5006271344046143,0.02797454021204222,abtype4_w85_t0.051
OGD_2,536.0,0.4969216417910447,0.01706120759272817,453.1,0.1187295913696289,0.5030783582089552,0.017061207592728174,0.5036673370899967,0.03441476698734972,0.5016419892883935,0.0129903518932573,0.5016419892883935,0.0129903518932573,0.502542174938718,0.023619303107144104,0.0029750711314314115,0.025415201619838824,0.004921252821976223,0.04222753603394872,0.4969216417910447,0.01706120759272817,0.5026546631891952,0.023689521613389282,abtype4_w85_t0.051
OGD_2,603.0,0.49776119402985064,0.013607518459772056,511.1,0.1361922264099121,0.5022388059701494,0.013607518459772048,0.506213539082289,0.033189810713529305,0.5024848083158826,0.01258875647554466,0.5024848083158826,0.01258875647554466,0.5042434555650845,0.022805454783835097,0.004624844209727091,0.02446283435482073,0.007854566924928556,0.040838902709771835,0.49776119402985064,0.013607518459772056,0.5043491736990859,0.022879666276484457,abtype4_w85_t0.051
OGD_2,670.0,0.49798507462686564,0.014541902184228336,570.25,0.15375802516937256,0.5020149253731343,0.014541902184228343,0.5102967492463982,0.034044495278908404,0.5037589714368005,0.012647246716900614,0.5037589714368005,0.012647246716900614,0.5069079957769708,0.023259657702159313,0.007241592015480686,0.024711647891278214,0.012434841958230735,0.04148306612660969,0.49798507462686564,0.014541902184228336,0.5070278603415994,0.02334151436063531,abtype4_w85_t0.051
OGD_2,737.0,0.49728629579375844,0.013585471095319396,630.0,0.1715308427810669,0.5027137042062416,0.013585471095319403,0.5121098121246032,0.03285127516085274,0.5044013759853556,0.012007735499725078,0.5044013759853556,0.012007735499725078,0.5081377568395254,0.022343753261389165,0.008621605394350773,0.02355949861477636,0.014599076417187615,0.03971628999151024,0.49728629579375844,0.013585471095319396,0.5082555940549794,0.022427943956384696,abtype4_w85_t0.051
OGD_2,804.0,0.494589552238806,0.013362834695721216,688.1,0.19050421714782714,0.505410447761194,0.013362834695721207,0.5135044365105081,0.03017476197876732,0.5049328766357741,0.011199738161786248,0.5049328766357741,0.011199738161786248,0.5091135493941628,0.020652408963417974,0.009769013432836959,0.022228271065487564,0.016321692042673273,0.036762600114244995,0.494589552238806,0.013362834695721216,0.5092186565731411,0.02068611947557921,abtype4_w85_t0.051
OGD_2,871.0,0.4941446613088404,0.012858783008036745,747.1,0.20917932987213134,0.5058553386911596,0.012858783008036735,0.5137986708660364,0.02948543221598614,0.505091035986824,0.010801180168080633,0.505091035986824,0.010801180168080633,0.5093418982005865,0.020107619269809442,0.01008565107179003,0.021474990560070753,0.01676163141423361,0.03568720313666537,0.4941446613088404,0.012858783008036745,0.5094448534264301,0.020142129503731163,abtype4_w85_t0.051
OGD_2,938.0,0.4925373134328358,0.011282521582364986,805.25,0.22781729698181152,0.5074626865671641,0.011282521582365002,0.5153107028176004,0.026729747188141792,0.5055585698203631,0.009705224305973231,0.5055585698203631,0.009705224305973231,0.5103416481800618,0.018180256918750966,0.011018021140243662,0.019404191713190556,0.018449807320800017,0.03221083309996161,0.4925373134328358,0.011282521582364986,0.5104346363189818,0.01821692977654591,abtype4_w85_t0.051
OGD_2,1000.0,0.4911999999999999,0.010146920715172666,860.25,0.2459355115890503,0.5087999999999999,0.010146920715172666,0.5148888888888888,0.024117510671453107,0.5053623128813751,0.008686666270907483,0.5053623128813751,0.008686666270907483,0.5100456614791702,0.016381809355816578,0.010688945577719633,0.017519472212890547,0.017870519766616,0.028948279201384257,0.4911999999999999,0.010146920715172666,0.5101256008851321,0.016402087544413555,abtype4_w85_t0.051
Gaussian_Kernel_OGD,67.0,0.7731343283582089,0.13346321734989944,63.55,0.007233548164367676,0.226865671641791,0.13346321734989944,0.5048461431621464,0.06527932583750273,0.40853123511112244,0.166348370807826,0.40853123511112244,0.166348370807826,0.4396265968121365,0.1350000596676789,0.004782437722149152,0.037041969305102264,-0.035947842339729266,0.13393744444393016,0.7731343283582089,0.13346321734989944,0.45668868913663446,0.10299933920634602,abtype4_w85_t0.051
Gaussian_Kernel_OGD,134.0,0.8335820895522387,0.06527611556371554,125.2,0.030393385887145997,0.16641791044776116,0.06527611556371554,0.5027475935836655,0.034719187356799366,0.4068341975437617,0.15985834994987438,0.4068341975437617,0.15985834994987438,0.4380950809857575,0.12299928178580108,0.0014740925428969487,0.014301073102104215,-0.027483621346871635,0.09113485347422678,0.8335820895522387,0.06527611556371554,0.4547908955637136,0.08916632354981077,abtype4_w85_t0.051
Gaussian_Kernel_OGD,201.0,0.8572139303482587,0.038987329748189185,188.4,0.052005863189697264,0.1427860696517413,0.03898732974818918,0.5006607872480823,0.022226585929024698,0.4046689868542431,0.1597194702118135,0.4046689868542431,0.1597194702118135,0.43524822147818937,0.12145671280731385,-7.683990608931546e-05,0.007934229399488438,-0.02617408851223978,0.07366382035602012,0.8572139303482587,0.038987329748189185,0.4526648870511627,0.08541960839279664,abtype4_w85_t0.051
Gaussian_Kernel_OGD,268.0,0.8660447761194032,0.02880394007230639,250.25,0.0742680311203003,0.13395522388059705,0.028803940072306383,0.5017745616188811,0.01720639261950673,0.4080961889761433,0.16116796671931374,0.4080961889761433,0.16116796671931374,0.4373820893269996,0.12105907870952302,0.00036917516184664103,0.006478785233484758,-0.018067523908354328,0.0613647602290772,0.8660447761194032,0.02880394007230639,0.4549353752975122,0.0846217850258337,abtype4_w85_t0.051
Gaussian_Kernel_OGD,335.0,0.8702985074626864,0.02667385920674144,312.0,0.09622713327407836,0.1297014925373134,0.026673859206741434,0.5009258646969205,0.015134846387098257,0.4067739191665778,0.16138643857821958,0.4067739191665778,0.16138643857821958,0.4360510162218116,0.12079416778475098,0.00035761113279488834,0.006260412316625344,-0.017567812032731604,0.05673343924817874,0.8702985074626864,0.02667385920674144,0.4538498919317491,0.08398055010022625,abtype4_w85_t0.051
Gaussian_Kernel_OGD,402.0,0.8728855721393035,0.024078008664032355,373.7,0.11861269474029541,0.12711442786069654,0.024078008664032355,0.5017910066288077,0.01346838045041244,0.40843748790754486,0.16269560012225742,0.40843748790754486,0.16269560012225742,0.43713779077261156,0.12157822970389764,0.0007784258623704521,0.005719918123583127,-0.013151216313725175,0.053412663992143616,0.8728855721393035,0.024078008664032355,0.45511424726817634,0.08439811503515393,abtype4_w85_t0.051
Gaussian_Kernel_OGD,469.0,0.8732409381663114,0.027837002928619195,435.2,0.14150577783584595,0.1267590618336887,0.027837002928619205,0.5021877235818497,0.013931735180406012,0.4077850771456055,0.16248266562445524,0.4077850771456055,0.16248266562445524,0.4368048835420789,0.12181271745598828,0.000913900772186682,0.005734383631121317,-0.01209547064788422,0.04955275790288292,0.8732409381663114,0.027837002928619195,0.45498640036372756,0.08411165125772896,abtype4_w85_t0.051
Gaussian_Kernel_OGD,536.0,0.8764925373134329,0.025862273807706657,497.55,0.16444143056869506,0.12350746268656718,0.025862273807706653,0.5020961995973919,0.012660841433460952,0.40769516102677744,0.16321986640128294,0.40769516102677744,0.16321986640128294,0.43639276524472753,0.12268830454484032,0.0009410101530571424,0.0054734861597712185,-0.011075419072449312,0.04752763789775758,0.8764925373134329,0.025862273807706657,0.45489568031208466,0.08422999920207651,abtype4_w85_t0.051
Gaussian_Kernel_OGD,603.0,0.879933665008292,0.022552677754567443,559.8,0.18713104724884033,0.12006633499170813,0.022552677754567443,0.5017766764173454,0.011243491742114857,0.40712577258528154,0.16287691457035566,0.40712577258528154,0.16287691457035566,0.43589792059468824,0.12235077495960728,0.00076307205408504,0.004754510276822117,-0.0109334270063318,0.04452414419841907,0.879933665008292,0.022552677754567443,0.45445122450131353,0.083720203545978,abtype4_w85_t0.051
Gaussian_Kernel_OGD,670.0,0.8814179104477612,0.020171215228978332,622.25,0.20994303226470948,0.11858208955223878,0.02017121522897832,0.5015829010721407,0.010135597851643245,0.4156376302065147,0.16093809948615737,0.4156376302065147,0.16093809948615737,0.440847263491711,0.1211910673442915,0.0006917659546151922,0.00424500956600997,-0.00836048456769733,0.04029116366149062,0.8814179104477612,0.020171215228978332,0.4586102656393278,0.08233698222384224,abtype4_w85_t0.051
Gaussian_Kernel_OGD,737.0,0.8825644504748983,0.018616460825841438,683.8,0.23372234106063844,0.11743554952510175,0.018616460825841428,0.5014944411865752,0.009334716608127645,0.41586638511355833,0.1603375855347128,0.41586638511355833,0.1603375855347128,0.44113724316118397,0.12024062835508055,0.0006555855560506807,0.0040488367920770195,-0.007773288194428,0.038176267951122105,0.8825644504748983,0.018616460825841438,0.4586804131500669,0.08186218521056238,abtype4_w85_t0.051
Gaussian_Kernel_OGD,804.0,0.8843283582089553,0.017611694351375995,746.25,0.2571743369102478,0.11567164179104476,0.01761169435137599,0.5013825920103006,0.00854286742949983,0.41564977525058655,0.16143627254843534,0.41564977525058655,0.16143627254843534,0.440563188311348,0.12155970447847653,0.0006138574228913785,0.0036297965987947345,-0.007441454905827963,0.037022004523379795,0.8843283582089553,0.017611694351375995,0.45851618363044366,0.08228137183908069,abtype4_w85_t0.051
Gaussian_Kernel_OGD,871.0,0.8862227324913892,0.015398746016696285,808.75,0.28064923286437987,0.11377726750861081,0.01539874601669629,0.5012095316749443,0.007764434469591438,0.4152497905839131,0.16179489934985916,0.4152497905839131,0.16179489934985916,0.4400258765854699,0.12220248576874933,0.0005041966368191653,0.003180394921627766,-0.007454920304063746,0.035364643601136767,0.8862227324913892,0.015398746016696285,0.45822966112942876,0.08230432696803548,abtype4_w85_t0.051
Gaussian_Kernel_OGD,938.0,0.8877931769722813,0.014940119885137992,871.3,0.3044402003288269,0.11220682302771853,0.014940119885138005,0.5011091046121805,0.00733999191641122,0.4149722349964784,0.16194552559940054,0.4149722349964784,0.16194552559940054,0.43974777933185,0.12236846620069143,0.0004802700141259275,0.003011408439362448,-0.007363740908875574,0.034521006545610224,0.8877931769722813,0.014940119885137992,0.4580406698043295,0.08229793497136524,abtype4_w85_t0.051
Gaussian_Kernel_OGD,1000.0,0.8879999999999999,0.01415273825095343,928.2,0.32784847021102903,0.11200000000000002,0.014152738250953418,0.5011111111111111,0.006927757729633295,0.4152662668295271,0.16205625501244814,0.4152662668295271,0.16205625501244814,0.43988914314576827,0.1224028600344127,0.0004854931444125465,0.002897927732110474,-0.0069098298425259354,0.03372198064704964,0.8879999999999999,0.01415273825095343,0.4581886889703191,0.08229668836631536,abtype4_w85_t0.051
OGD,67.0,0.517910447761194,0.059906364896685015,43.65,0.002138960361480713,0.482089552238806,0.059906364896684994,0.4758690470219157,0.09623483424606162,0.49007525954819764,0.03453763859535613,0.49007525954819764,0.03453763859535613,0.48181688134511347,0.06564019435178603,-0.020652493788262137,0.06556102232670365,-0.03137371357206913,0.11380529869543464,0.517910447761194,0.059906364896685015,0.48297215328505666,0.06508260687198958,abtype4_w85_t0.051
OGD,134.0,0.5014925373134329,0.040090674682278477,84.65,0.018475425243377686,0.49850746268656715,0.04009067468227849,0.48791958481178394,0.059348701492903326,0.49571501455960015,0.021735955619656636,0.49571501455960015,0.021735955619656636,0.49142490739603417,0.040610923253502226,-0.008511397831189477,0.04460747049274729,-0.014285377364726367,0.07153653638239675,0.5014925373134329,0.040090674682278477,0.491817299685692,0.04047210567546415,abtype4_w85_t0.051
OGD,201.0,0.5064676616915423,0.03664745643920974,129.15,0.03389730453491211,0.4935323383084578,0.03664745643920975,0.4929369753260101,0.05753031698354053,0.4971870798916763,0.019805921952694767,0.4971870798916763,0.019805921952694767,0.4947124863361199,0.038368713042340186,-0.004888691133155798,0.03896531259677676,-0.008888804828745156,0.06725539251917306,0.5064676616915423,0.03664745643920974,0.49506202760884327,0.03861161031819498,abtype4_w85_t0.051
OGD,268.0,0.5027985074626866,0.035728951496652166,172.35,0.049947702884674074,0.49720149253731344,0.035728951496652166,0.48460410039423196,0.05131659716670777,0.4947448366162438,0.016988328206999016,0.4947448366162438,0.016988328206999016,0.4893523573682044,0.034007759127098254,-0.010250744807688084,0.03417368047653074,-0.017983599362867995,0.05888756663054108,0.5027985074626866,0.035728951496652166,0.48967446850523794,0.03411655822015802,abtype4_w85_t0.051
OGD,335.0,0.5014925373134329,0.034657731996895515,216.4,0.06550040245056152,0.4985074626865672,0.0346577319968955,0.4898820840202928,0.05509226013701399,0.4966745123370969,0.018839349636448465,0.4966745123370969,0.018839349636448465,0.49294163069679975,0.03680740499472655,-0.0063127664284700295,0.03811401863941369,-0.011602634661713306,0.06432053715564691,0.5014925373134329,0.034657731996895515,0.49327829817869484,0.036941374256182026,abtype4_w85_t0.051
OGD,402.0,0.502363184079602,0.03147011966094931,260.85,0.08119876384735107,0.497636815920398,0.03147011966094931,0.4864708467563738,0.04873062780476071,0.4952200633084596,0.016819002211180795,0.4952200633084596,0.016819002211180795,0.4905698644036181,0.03268779718603462,-0.009335794204034525,0.034196197578931616,-0.01607871352795234,0.05717333841098764,0.502363184079602,0.03147011966094931,0.4908454550324167,0.032756196957683045,abtype4_w85_t0.051
OGD,469.0,0.49850746268656715,0.024166353064106996,304.85,0.09720526933670044,0.5014925373134329,0.024166353064107016,0.49038373815879677,0.04490214760067828,0.4966570791581866,0.015349989159489999,0.4966570791581866,0.015349989159489999,0.49329065162292085,0.03008210764679835,-0.006833592422198881,0.03128012537817479,-0.011334257062433184,0.0524623741269287,0.49850746268656715,0.024166353064106996,0.49352040865849167,0.0301160889857338,abtype4_w85_t0.051
OGD,536.0,0.49925373134328366,0.0216160423253138,351.55,0.11344181299209595,0.5007462686567163,0.021616042325313785,0.48782058990770755,0.04428080214327944,0.4951594957586779,0.015357026411741928,0.4951594957586779,0.015357026411741928,0.4912654923046357,0.029762169479925674,-0.009966390244556566,0.031110388396201987,-0.015379477026998083,0.052092062730098816,0.49925373134328366,0.0216160423253138,0.49149004283319275,0.02980677097068873,abtype4_w85_t0.051
OGD,603.0,0.4996683250414594,0.02008003589115479,398.75,0.13009850978851317,0.5003316749585405,0.020080035891154795,0.490553959472347,0.0426594436603703,0.4962826986193967,0.01463567546615429,0.4962826986193967,0.01463567546615429,0.49321046681416003,0.02864640731221045,-0.007689423173138588,0.02978917954236743,-0.011869362758559984,0.049945239532642204,0.4996683250414594,0.02008003589115479,0.4934183290458719,0.028642223782848922,abtype4_w85_t0.051
OGD,670.0,0.4970149253731343,0.019744412769138735,443.35,0.1467137336730957,0.5029850746268657,0.019744412769138735,0.491915816224403,0.04294711925655651,0.49695988708092403,0.014531499634307244,0.49695988708092403,0.014531499634307244,0.4942244473038345,0.02877447056265183,-0.006275287920343003,0.029760109947198764,-0.009915328956768107,0.049933731252445386,0.4970149253731343,0.019744412769138735,0.4944378516526635,0.02873287099970254,abtype4_w85_t0.051
OGD,737.0,0.496472184531886,0.01735445135259813,490.85,0.1634607195854187,0.5035278154681141,0.01735445135259813,0.49355298319433494,0.03856913929801129,0.4976764630396257,0.013169151221706097,0.4976764630396257,0.013169151221706097,0.4954450901120474,0.02589841478786162,-0.004831886991248846,0.026790828306983424,-0.0077409591719932004,0.04502716848538595,0.496472184531886,0.01735445135259813,0.49561472311698046,0.02585889335307211,abtype4_w85_t0.051
OGD,804.0,0.4953358208955224,0.016091830996692643,538.95,0.18057481050491334,0.5046641791044777,0.016091830996692646,0.4962337276223753,0.03252537313899063,0.49853506243527723,0.01142913852324868,0.49853506243527723,0.01142913852324868,0.49726933973946297,0.022008051349841896,-0.0030670653202524156,0.02328556627171139,-0.0047030880707858895,0.03853444074912036,0.4953358208955224,0.016091830996692643,0.49738439502882636,0.021971580951702006,abtype4_w85_t0.051
OGD,871.0,0.49385763490241097,0.0146772406014462,587.1,0.1978522539138794,0.506142365097589,0.014677240601446215,0.4969315776875952,0.030102549407203576,0.4988546598266561,0.01067824649697743,0.4988546598266561,0.01067824649697743,0.4977954181250194,0.02043562455985117,-0.002437527273332546,0.021868016107931664,-0.0037507210090378224,0.03584730524134685,0.49385763490241097,0.0146772406014462,0.49789311875712566,0.020388159890938812,abtype4_w85_t0.051
OGD,938.0,0.4942963752665245,0.014960645953507865,636.8,0.2158556342124939,0.5057036247334755,0.01496064595350787,0.49849372995895713,0.02909666131146514,0.49935857846112697,0.010516042287581826,0.49935857846112697,0.010516042287581826,0.4988384207222457,0.01983059677810205,-0.0013650989743486885,0.0213693730478523,-0.001972229252544961,0.03497976129945018,0.4942963752665245,0.014960645953507865,0.49892615421004205,0.019805347959380225,abtype4_w85_t0.051
OGD,1000.0,0.4936,0.013373107342723317,682.8,0.23362752199172973,0.5064,0.013373107342723317,0.49844444444444447,0.027383648360488146,0.49943505168028235,0.009870233097995954,0.49943505168028235,0.009870233097995954,0.4988626511971462,0.01862699177181214,-0.0012204492460227423,0.020097055713673387,-0.001874905080517771,0.03288055366224998,0.4936,0.013373107342723317,0.49893974806236335,0.018626936953264003,abtype4_w85_t0.051
PA,67.0,0.505223880597015,0.070208771194804,52.7,0.003497934341430664,0.49477611940298505,0.070208771194804,0.4705290571166906,0.1332449086079632,0.49323494321847583,0.04318552092996692,0.49323494321847583,0.04318552092996692,0.4788492102629057,0.0901513748261324,-0.01474672382924162,0.08462533429572854,-0.028605810403730458,0.14611315187420565,0.505223880597015,0.070208771194804,0.4818820001675831,0.08704039644563065,abtype4_w85_t0.051
PA,134.0,0.49216417910447763,0.03779355288651948,98.1,0.019878077507019042,0.5078358208955223,0.03779355288651946,0.5013282248451574,0.08332585065306973,0.500619817076094,0.03133991932576637,0.500619817076094,0.03133991932576637,0.5002783008373511,0.05682648870416733,-0.00026832295855026557,0.06328330360638128,0.0019701923663029775,0.10065061812103167,0.49216417910447763,0.03779355288651948,0.5009740209606257,0.05698893688817238,abtype4_w85_t0.051
PA,201.0,0.48805970149253736,0.0284453579282046,141.7,0.03585350513458252,0.5119402985074626,0.028445357928204577,0.5042248839624707,0.06954917689100056,0.5000027515392392,0.024909787004150776,0.5000027515392392,0.024909787004150776,0.5016476906646694,0.04665110695947394,-0.0007497123039117481,0.05111962319446587,0.0025231570512761676,0.08273625562010428,0.48805970149253736,0.0284453579282046,0.5021138177508548,0.047125867107964584,abtype4_w85_t0.051
PA,268.0,0.4951492537313433,0.026439930952323686,186.0,0.05236849784851074,0.5048507462686567,0.026439930952323696,0.4975004731842915,0.05271984512044193,0.4984395058156948,0.018554139751360735,0.4984395058156948,0.018554139751360735,0.49768493186429374,0.03539023639007391,-0.003379750631644934,0.03772152679921335,-0.00408215437508068,0.0622448308033161,0.4951492537313433,0.026439930952323686,0.4979699894999932,0.035571683437656126,abtype4_w85_t0.051
PA,335.0,0.4937313432835821,0.024622794778867193,228.95,0.06832492351531982,0.5062686567164179,0.024622794778867203,0.5046055073684789,0.04753152685777554,0.5011882379524696,0.01689471318236007,0.5011882379524696,0.01689471318236007,0.5026633552913451,0.032070415988105616,0.0022750370185640077,0.03448720622195008,0.0047539810454277475,0.0564424517534066,0.4937313432835821,0.024622794778867193,0.5028968726604743,0.032163285938754754,abtype4_w85_t0.051
PA,402.0,0.49415422885572136,0.023352300578918555,271.85,0.0845552921295166,0.5058457711442786,0.02335230057891856,0.5052521442258489,0.04210492482113179,0.5015903289533801,0.015514113462906811,0.5015903289533801,0.015514113462906811,0.5032338892643607,0.02888946523284828,0.0031782082691225342,0.030842324505486986,0.005795955435196434,0.050963266814781735,0.49415422885572136,0.023352300578918555,0.5034212365896144,0.028775992461574744,abtype4_w85_t0.051
PA,469.0,0.4943496801705757,0.026072801210139093,314.9,0.10086624622344971,0.5056503198294243,0.026072801210139104,0.5026802562228725,0.04261178172730797,0.5006980632997723,0.015125887714352243,0.5006980632997723,0.015125887714352243,0.5014944195752479,0.02891304681303921,0.0016005990697518292,0.030222820790490594,0.002740560500840827,0.05065884767109062,0.4943496801705757,0.026072801210139093,0.5016891597613224,0.028843236658389042,abtype4_w85_t0.051
PA,536.0,0.4909514925373134,0.024470010138753294,355.5,0.11728866100311279,0.5090485074626865,0.024470010138753273,0.5054704339495917,0.038864907841573273,0.5017448589964479,0.01377664749494108,0.5017448589964479,0.01377664749494108,0.5034474645885738,0.0263117640858924,0.003698042114452682,0.02800647323637183,0.0061722066479361236,0.04623799404078807,0.4909514925373134,0.024470010138753294,0.5036076464730198,0.026311646280028755,abtype4_w85_t0.051
PA,603.0,0.4960199004975124,0.02306810662690237,401.25,0.13375190496444703,0.5039800995024875,0.023068106626902368,0.5041411119612614,0.03576927016225498,0.5012068617947403,0.012368017396289255,0.5012068617947403,0.012368017396289255,0.5025381294095583,0.023985235367699222,0.0026193849916098743,0.025047403863174778,0.004478943548195513,0.04199337634789459,0.4960199004975124,0.02306810662690237,0.5026739868780009,0.024052886203269033,abtype4_w85_t0.051
PA,670.0,0.49619402985074634,0.021335845692822566,444.3,0.15096533298492432,0.5038059701492537,0.021335845692822555,0.5077206265766716,0.03301353087407232,0.5025760440440943,0.01162035509933444,0.5025760440440943,0.01162035509933444,0.5050289423789484,0.022299038467109483,0.0052659644819017856,0.023509148640775517,0.008916518288034464,0.039154482347674296,0.49619402985074634,0.021335845692822566,0.505148335310383,0.0223127621460036,abtype4_w85_t0.051
PA,737.0,0.49599728629579376,0.020309655802718478,486.4,0.16868407726287843,0.5040027137042062,0.020309655802718474,0.5042977525899527,0.030924253065167554,0.501392611539954,0.01099479473252998,0.501392611539954,0.01099479473252998,0.5027452260613902,0.020930227221425304,0.0029186536986740507,0.022410204500495686,0.004892796261060249,0.036860266428350365,0.49599728629579376,0.020309655802718478,0.5028451820649534,0.020955512922345345,abtype4_w85_t0.051
PA,804.0,0.4964552238805971,0.018394824377312793,529.45,0.1858982563018799,0.503544776119403,0.0183948243773128,0.5035293989556415,0.028904061268928645,0.5012426685762663,0.010255618322672244,0.5012426685762663,0.010255618322672244,0.5022980638445191,0.0195758092741172,0.0025913278508637783,0.020805657448294098,0.004183953370936501,0.03441785108240944,0.4964552238805971,0.018394824377312793,0.5023860337659538,0.01957611866623648,abtype4_w85_t0.051
PA,871.0,0.4948335246842709,0.018423428858646628,571.15,0.2034152626991272,0.5051664753157291,0.018423428858646628,0.5065505276609965,0.028097433303344625,0.5023031946028109,0.01003390476948321,0.5023031946028109,0.01003390476948321,0.5043398697210819,0.019104546608293464,0.004703324772227846,0.02033996353783419,0.007766079096931612,0.03357074698886742,0.4948335246842709,0.018423428858646628,0.5044268611319038,0.01906321223072983,abtype4_w85_t0.051
PA,938.0,0.49568230277185493,0.01760668323735081,614.35,0.22110576629638673,0.5043176972281451,0.01760668323735082,0.5065517138003416,0.02563243388278747,0.5022963151549703,0.009243696089612905,0.5022963151549703,0.009243696089612905,0.504353421338152,0.017423398824770144,0.0046404103235908045,0.01864265515082304,0.007757209075850068,0.030782487962402752,0.49568230277185493,0.01760668323735081,0.504424014477656,0.01743735869958557,abtype4_w85_t0.051
PA,1000.0,0.4959999999999999,0.014676511847165867,654.45,0.23846486806869507,0.504,0.014676511847165877,0.5068888888888889,0.024660910239225977,0.5024855143942839,0.008886425626743405,0.5024855143942839,0.008886425626743405,0.5046210235551785,0.016765854260545752,0.004948746025569906,0.017895342594386514,0.008275852353152837,0.029607242920108745,0.4959999999999999,0.014676511847165867,0.5046872016415864,0.016773665908274546,abtype4_w85_t0.051
PA1,67.0,0.4977611940298507,0.04819647729094783,52.75,0.0034685730934143066,0.5022388059701492,0.04819647729094783,0.5258759175118362,0.08767514967060412,0.5104298830724991,0.031084980030900076,0.5104298830724991,0.031084980030900076,0.5173320954005068,0.058592100560653726,0.019395098921607828,0.06119451350704918,0.03295190915787315,0.10278470330032372,0.4977611940298507,0.04819647729094783,0.5181529002921679,0.059031144407088766,abtype4_w85_t0.051
PA1,134.0,0.5067164179104479,0.03467540344922072,98.9,0.01917996406555176,0.4932835820895522,0.034675403449220724,0.5092298734400911,0.0608698395701721,0.5025937838872283,0.022757478290171742,0.5025937838872283,0.022757478290171742,0.5055134863731647,0.041561153906360795,0.0051549426750574275,0.04491057737026162,0.009848620561769994,0.07307905100034873,0.5067164179104479,0.03467540344922072,0.5059118286636597,0.0415148500673152,abtype4_w85_t0.051
PA1,201.0,0.49825870646766174,0.02841815258338529,142.4,0.0339388370513916,0.5017412935323383,0.028418152583385283,0.5180517164288445,0.04317458686365248,0.5067771582027744,0.014459489301095262,0.5067771582027744,0.014459489301095262,0.5121747313754024,0.02873824504184355,0.013336269868371603,0.02928945960220136,0.022146404180076164,0.049468740320102074,0.49825870646766174,0.02841815258338529,0.5124144373158095,0.028710855303518284,abtype4_w85_t0.051
PA1,268.0,0.5009328358208955,0.021624896905742822,186.7,0.04908860921859741,0.4990671641791044,0.021624896905742815,0.5161869916222475,0.04133334334753857,0.5059264381009491,0.014838192093616004,0.5059264381009491,0.014838192093616004,0.5108584891487354,0.0279060194456075,0.011549824608170106,0.029258210118223923,0.019588782098094216,0.04909162449980256,0.5009328358208955,0.021624896905742822,0.5110567148615984,0.0279893229605997,abtype4_w85_t0.051
PA1,335.0,0.49671641791044774,0.017261889307225026,229.6,0.06459718942642212,0.5032835820895523,0.017261889307225033,0.524082604317957,0.03160073630592661,0.5088253465578461,0.011332462690670174,0.5088253465578461,0.011332462690670174,0.5163015857475438,0.021282913376169436,0.017273412003288403,0.022263836172027256,0.029125758809554807,0.037642367234082603,0.49671641791044774,0.017261889307225026,0.5164539754379015,0.021416030246512723,abtype4_w85_t0.051
PA1,402.0,0.49626865671641784,0.016283560048809105,273.1,0.0806766390800476,0.503731343283582,0.0162835600488091,0.5251579866977193,0.027581694353554124,0.5090196093692418,0.009901510991726963,0.5090196093692418,0.009901510991726963,0.5169542644680537,0.018576411142662085,0.017660647981146887,0.019556641022803526,0.030107089770376454,0.03294767703840285,0.49626865671641784,0.016283560048809105,0.5170887980334805,0.01871464998741864,abtype4_w85_t0.051
PA1,469.0,0.49243070362473346,0.014167075712775958,314.95,0.0969915509223938,0.5075692963752665,0.014167075712775961,0.5289981944042664,0.02712374479280028,0.5104508766488035,0.0099116083932132,0.5104508766488035,0.0099116083932132,0.5195753386174541,0.01831539208040469,0.020503703897012997,0.019277034572842158,0.03477921050691934,0.032683463041410635,0.49243070362473346,0.014167075712775958,0.519724535526535,0.018484625550327444,abtype4_w85_t0.051
PA1,536.0,0.49347014925373145,0.013652586848116195,357.65,0.1135945439338684,0.5065298507462686,0.013652586848116198,0.5223417125969524,0.029424991404170906,0.5080844148816189,0.010801361931430012,0.5080844148816189,0.010801361931430012,0.5150848353861809,0.01992742524676691,0.015888238605022652,0.021215933774086274,0.026862177871873016,0.0355545795916026,0.49347014925373145,0.013652586848116195,0.5152130637392858,0.020088009832284554,abtype4_w85_t0.051
PA1,603.0,0.4929519071310116,0.013358669606945851,399.35,0.13033876419067383,0.5070480928689884,0.01335866960694582,0.52219118590408,0.028660405402438718,0.5079998637159138,0.010478548493443863,0.5079998637159138,0.010478548493443863,0.5149710025780287,0.019410748222873208,0.015699581690762604,0.020668292803470212,0.026632212229657982,0.03458711614075656,0.4929519071310116,0.013358669606945851,0.5150955248099969,0.019550815559057657,abtype4_w85_t0.051
PA1,670.0,0.49529850746268655,0.014465104614335679,441.9,0.1476256489753723,0.5047014925373134,0.0144651046143357,0.5182184113001237,0.026917426252356186,0.5064122274641671,0.009803309370603192,0.5064122274641671,0.009803309370603192,0.5122128611873824,0.01825560316123696,0.012547595125734229,0.01927865909917701,0.021615754381127637,0.03244395913161295,0.49529850746268655,0.014465104614335679,0.5123153193821456,0.01835032136559193,abtype4_w85_t0.051
PA1,737.0,0.4956580732700136,0.01358276050648649,485.35,0.16523255109786988,0.5043419267299865,0.013582760506486477,0.5172987426778615,0.027056266296023836,0.5061662726917847,0.009657327174315744,0.5061662726917847,0.009657327174315744,0.5116323929723707,0.01823188324959855,0.01203483869561311,0.01905016299294091,0.020652963109044017,0.03230871085900172,0.4956580732700136,0.01358276050648649,0.5117325076848231,0.01835188563987889,abtype4_w85_t0.051
PA1,804.0,0.49477611940298516,0.013000933873271907,527.65,0.1829032778739929,0.5052238805970148,0.013000933873271902,0.519745629303568,0.0234666198916306,0.5071243157755384,0.008349970411314257,0.5071243157755384,0.008349970411314257,0.5133440058030301,0.01578949671565108,0.01403924758480959,0.01653320647519199,0.02371704661164383,0.027984237412292005,0.49477611940298516,0.013000933873271907,0.5134349725395533,0.015904904747283267,abtype4_w85_t0.051
PA1,871.0,0.4961538461538463,0.01236694166941917,571.9,0.2011129379272461,0.5038461538461539,0.012366941669419167,0.5193398144306982,0.02506722550477231,0.507011952670182,0.008958647724729022,0.507011952670182,0.008958647724729022,0.5130789417532436,0.016910399834138515,0.013750649115188324,0.017801996592701277,0.02328954748920537,0.029965165587782384,0.4961538461538463,0.01236694166941917,0.5131758835504401,0.017011470557863097,abtype4_w85_t0.051
PA1,938.0,0.49696162046908315,0.012687351035610191,615.95,0.21925677061080934,0.5030383795309168,0.01268735103561018,0.5169185134649614,0.02509438493323319,0.5061337055215552,0.0091257918880771,0.5061337055215552,0.0091257918880771,0.5114387397592366,0.017007695033915433,0.01205070615676988,0.01814427600638832,0.0203731562313215,0.030263532504847063,0.49696162046908315,0.012687351035610191,0.5115261094932583,0.017109466101383593,abtype4_w85_t0.051
PA1,1000.0,0.49574999999999997,0.012485491580230244,655.05,0.23731908798217774,0.5042500000000001,0.012485491580230242,0.5185833333333333,0.023808958657313813,0.5066947375381232,0.008578718742539569,0.5066947375381232,0.008578718742539569,0.5125509029246191,0.01610180358236412,0.01320355588912891,0.017014030172880047,0.02230789240194351,0.02858322696022292,0.49574999999999997,0.012485491580230244,0.5126390354357282,0.016193836115534693,abtype4_w85_t0.051
PA2,67.0,0.5029850746268656,0.07969366611470144,65.1,0.003808736801147461,0.49701492537313435,0.07969366611470145,0.4986987303391047,0.12067416754350421,0.49649233404611204,0.04815337309572154,0.49649233404611204,0.04815337309572154,0.4960258716202241,0.0846126345004639,-0.007017681693219846,0.09600379003405737,-0.005578411592480713,0.14963490731951654,0.5029850746268656,0.07969366611470144,0.4975955321926084,0.08378952096838914,abtype4_w85_t0.051
PA2,134.0,0.4944029850746269,0.03507264205244731,125.4,0.021085429191589355,0.5055970149253731,0.03507264205244731,0.5090973188722522,0.0841466897756355,0.5019215227631534,0.03416863965195516,0.5019215227631534,0.03416863965195516,0.5048560361849994,0.058953397898405854,0.002579345047991899,0.0701830881205687,0.008931433952271028,0.10631569875391668,0.4944029850746269,0.03507264205244731,0.5055094208177029,0.05895888203285717,abtype4_w85_t0.051
PA2,201.0,0.49502487562189057,0.0317200758791942,182.7,0.038125789165496825,0.5049751243781094,0.03172007587919419,0.5094488862078214,0.06917498076834985,0.5028598905951311,0.02724601501528964,0.5028598905951311,0.02724601501528964,0.5056951950204404,0.04820985140734308,0.005257594935439663,0.0555352710740794,0.010499350352057625,0.08648404589400771,0.49502487562189057,0.0317200758791942,0.5061543884014762,0.04813611173776029,abtype4_w85_t0.051
PA2,268.0,0.4884328358208955,0.027795376964871183,239.3,0.054525697231292726,0.5115671641791045,0.027795376964871193,0.5100121756143825,0.061533680215973226,0.5033713489588372,0.022584287576360825,0.5033713489588372,0.022584287576360825,0.5063126663407888,0.0419460445085702,0.006618512247594877,0.0455146921930218,0.011630135743668274,0.07446903909867386,0.4884328358208955,0.027795376964871183,0.5066917622866097,0.04203981354452859,abtype4_w85_t0.051
PA2,335.0,0.48820895522388047,0.02485825264248302,296.15,0.07132147550582886,0.5117910447761196,0.024858252642483012,0.5108436571511572,0.052594798937973315,0.5033718550572112,0.019677307727987405,0.5033718550572112,0.019677307727987405,0.5068352184507297,0.03597668207446426,0.006659815930190332,0.039937732557179285,0.012115765621187375,0.06424348268127775,0.48820895522388047,0.02485825264248302,0.507107756104184,0.0361154096479043,abtype4_w85_t0.051
PA2,402.0,0.4927860696517413,0.029231766553481368,352.35,0.08844363689422607,0.5072139303482587,0.029231766553481357,0.5111585790778284,0.054328745373203056,0.5032173492746124,0.0200482294777876,0.5032173492746124,0.0200482294777876,0.506886118244202,0.03711113290400461,0.006583718802889377,0.04089898093351353,0.012063509695743694,0.0659219784693649,0.4927860696517413,0.029231766553481368,0.5071879641762203,0.03717310769280734,abtype4_w85_t0.051
PA2,469.0,0.4949893390191898,0.02364984271400278,407.95,0.10578408241271972,0.5050106609808103,0.023649842714002778,0.5060461135827554,0.04531749523945287,0.5019108550649383,0.01674287723983253,0.5019108550649383,0.01674287723983253,0.5037666261362321,0.031099078129178497,0.0038642773302193954,0.034015811249897825,0.006815383623491575,0.0550588623869529,0.4949893390191898,0.02364984271400278,0.5039784843238467,0.03102360677839023,abtype4_w85_t0.051
PA2,536.0,0.49636194029850744,0.020585680893585437,464.15,0.12313754558563232,0.5036380597014926,0.020585680893585437,0.5069048986986738,0.04237971758688614,0.5022220864625283,0.015543365988874562,0.5022220864625283,0.015543365988874562,0.5043759507688834,0.02900782794325203,0.004290356450892585,0.03159191160233213,0.007840577502910182,0.05129103436292362,0.49636194029850744,0.020585680893585437,0.5045634925806011,0.028952860635696704,abtype4_w85_t0.051
PA2,603.0,0.49751243781094523,0.01838478812857789,519.9,0.1406065583229065,0.5024875621890548,0.018384788128577897,0.5076304300665371,0.03943004144267538,0.5026265932532625,0.014325140753507555,0.5026265932532625,0.014325140753507555,0.5049629218444389,0.02692327363274673,0.005078591795748178,0.0289764970676094,0.008948999665813025,0.04749241169375447,0.49751243781094523,0.01838478812857789,0.5051285116598998,0.026868478907766058,abtype4_w85_t0.051
PA2,670.0,0.49813432835820903,0.017602293082559242,575.15,0.15819957256317138,0.5018656716417911,0.017602293082559242,0.5045710251804666,0.03894588947344768,0.5016278084960802,0.013837313028694691,0.5016278084960802,0.013837313028694691,0.5029380610156994,0.026426523326912726,0.003101468697265658,0.02805918755297927,0.005453023093661769,0.04639843315849654,0.49813432835820903,0.017602293082559242,0.5030994168382733,0.026384877589704217,abtype4_w85_t0.051
PA2,737.0,0.4987109905020353,0.017962154505888943,630.7,0.17590490579605103,0.5012890094979647,0.017962154505888953,0.503619037837764,0.038611778340249134,0.501327423648865,0.013581580714282624,0.501327423648865,0.013581580714282624,0.5023122927327435,0.026159293490228743,0.0025834986054249385,0.02757062742137075,0.004380165069911397,0.045778635257460384,0.4987109905020353,0.017962154505888943,0.5024732307433145,0.026091930814471965,abtype4_w85_t0.051
PA2,804.0,0.49950248756218907,0.01694648888582199,686.45,0.19473021030426024,0.5004975124378109,0.016946488885821988,0.5038104358017452,0.03596430825860518,0.5014139894975044,0.012706665646213736,0.5014139894975044,0.012706665646213736,0.5024741937230656,0.02436851214401558,0.0027162431099216457,0.02567807037239208,0.004645501828049926,0.042733215199631136,0.49950248756218907,0.01694648888582199,0.5026122126496249,0.024330891743941905,abtype4_w85_t0.051
PA2,871.0,0.4991963260619977,0.014374722595535742,741.25,0.21305025815963746,0.5008036739380023,0.014374722595535731,0.5061846601380878,0.03160078093259681,0.502142823497689,0.011160857978132963,0.502142823497689,0.011160857978132963,0.5040551516426858,0.021397527280060207,0.004186281769565764,0.022436659326806715,0.007280376443665059,0.0375476914365153,0.4991963260619977,0.014374722595535742,0.5041637418178885,0.02137805734220496,abtype4_w85_t0.051
PA2,938.0,0.49850746268656715,0.014312738973849387,796.0,0.23172714710235595,0.5014925373134329,0.014312738973849394,0.5068658200219698,0.031353475716227014,0.5024640377113626,0.011194034110705952,0.5024640377113626,0.011194034110705952,0.5045595112432142,0.021271305184806823,0.004871918730155156,0.022460013810890484,0.008225637857417853,0.03746596663905388,0.49850746268656715,0.014312738973849387,0.5046649288666663,0.021273172350595716,abtype4_w85_t0.051
PA2,1000.0,0.49835,0.013365159931703036,846.85,0.2506100296974182,0.5016499999999999,0.013365159931703036,0.5064722222222222,0.027563772856306772,0.502329319239726,0.009929154738025272,0.502329319239726,0.009929154738025272,0.5043204300575672,0.018719918423906506,0.004629291101245098,0.01979867390545371,0.00776553393627645,0.0330868498920238,0.49835,0.013365159931703036,0.5044007707309741,0.018746463139350477,abtype4_w85_t0.051
PA1_Csplit,67.0,0.5067164179104479,0.055138093916614554,66.75,0.00472947359085083,0.4932835820895523,0.05513809391661456,0.4898536940255521,0.12844526633131892,0.5013547493326689,0.04514640443830825,0.5013547493326689,0.04514640443830825,0.49324750988682886,0.08805411237772881,-0.0008973122801139543,0.08601496612171351,-0.003300234292968986,0.14750848315238657,0.5067164179104479,0.055138093916614554,0.4956042216791106,0.08580311438590067,abtype4_w85_t0.051
PA1_Csplit,134.0,0.5,0.041010840788161446,131.55,0.02373300790786743,0.4999999999999999,0.04101084078816144,0.49984565028763417,0.09300332009045227,0.5028464522825226,0.031179376880359506,0.5028464522825226,0.031179376880359506,0.5002592363091743,0.06242474129026398,0.005602612991062189,0.06169741584342215,0.005029683681545438,0.105901390420188,0.5,0.041010840788161446,0.5013460512850784,0.06173097053770803,abtype4_w85_t0.051
PA1_Csplit,201.0,0.5049751243781093,0.03144577729962285,194.6,0.04136736392974853,0.49502487562189057,0.03144577729962285,0.4981705314250887,0.0729101545022677,0.5001611300629887,0.02579377263984644,0.5001611300629887,0.02579377263984644,0.49859970296433165,0.04912871461642572,-8.52618643642944e-05,0.051611573177402344,-0.0008079909446615241,0.08600698668367944,0.5049751243781093,0.03144577729962285,0.4991658307440387,0.04919534074788155,abtype4_w85_t0.051
PA1_Csplit,268.0,0.5018656716417911,0.02808440084728912,256.15,0.05910900831222534,0.4981343283582089,0.028084400847289123,0.4988889486234223,0.06280477466365522,0.5006450565836504,0.022190287700611565,0.5006450565836504,0.022190287700611565,0.49933993778949937,0.04250477228449847,0.0008503861412351987,0.04443294555033648,0.0004318363955631649,0.07429616179517139,0.5018656716417911,0.02808440084728912,0.49976700260353646,0.04242150115472785,abtype4_w85_t0.051
PA1_Csplit,335.0,0.5082089552238805,0.026730589087421368,318.05,0.07719222307205201,0.49179104477611946,0.026730589087421368,0.4931044469704597,0.06033154025657441,0.49840889596061555,0.020494962108134573,0.49840889596061555,0.020494962108134573,0.4953258551837276,0.040556055567071356,-0.00346027440346357,0.04035795722964937,-0.00670381409010686,0.06998827645468088,0.5082089552238805,0.026730589087421368,0.49575667146553776,0.04034118589981003,abtype4_w85_t0.051
PA1_Csplit,402.0,0.5050995024875622,0.02567707673194671,379.7,0.09547102451324463,0.4949004975124378,0.02567707673194672,0.494559460384315,0.05529350364417259,0.4982706035428559,0.018972615362649332,0.4982706035428559,0.018972615362649332,0.4960675159172704,0.03720544262341768,-0.00337083385901632,0.03822401551589694,-0.00613323581271469,0.0645844935001174,0.5050995024875622,0.02567707673194671,0.4964150319635853,0.037090769303746815,abtype4_w85_t0.051
PA1_Csplit,469.0,0.5018123667377399,0.02191369727268959,440.3,0.1143805980682373,0.4981876332622601,0.021913697272689586,0.49953153839538855,0.048866880550624575,0.49993583022393706,0.017213701134832667,0.49993583022393706,0.017213701134832667,0.49948336320788317,0.03298748432890747,-0.00013187141243265477,0.034680999780075605,-0.00040326227617659764,0.05789919788838207,0.5018123667377399,0.02191369727268959,0.4997336843096627,0.03301690198840032,abtype4_w85_t0.051
PA1_Csplit,536.0,0.4952425373134329,0.021193857406803206,498.7,0.13292989730834961,0.5047574626865671,0.021193857406803178,0.5021812939789413,0.04636593517936573,0.5010057342963561,0.016667897889678707,0.5010057342963561,0.016667897889678707,0.5013757783548162,0.03145196360095091,0.001946498595906826,0.0338128945678015,0.0029714589964808503,0.05554009742384606,0.4952425373134329,0.021193857406803206,0.5015935141376487,0.03150395671973929,abtype4_w85_t0.051
PA1_Csplit,603.0,0.49759535655058046,0.020171421446933287,558.35,0.1518075942993164,0.5024046434494196,0.020171421446933284,0.5016150119364104,0.041660705181958455,0.5007874485561419,0.014882793084963616,0.5007874485561419,0.014882793084963616,0.5010196055031789,0.02830496235527256,0.0015253587292231197,0.030032949963161793,0.0022729494543212146,0.04977124356142536,0.49759535655058046,0.020171421446933287,0.501201230246276,0.028265437821964008,abtype4_w85_t0.051
PA1_Csplit,670.0,0.4988805970149254,0.02021203596527175,618.15,0.17090693712234498,0.5011194029850746,0.02021203596527176,0.49957295483893815,0.04129065264848044,0.49993403820956084,0.014496780708297002,0.49993403820956084,0.014496780708297002,0.49957112452406915,0.027932088930673192,-0.00011975769166790994,0.029124172102103038,-0.0003731931816641819,0.04890720632941177,0.4988805970149254,0.02021203596527175,0.4997534965242495,0.027888372853952605,abtype4_w85_t0.051
PA1_Csplit,737.0,0.4978968792401628,0.01893999810022149,678.7,0.19127594232559203,0.5021031207598371,0.018939998100221497,0.5025995752486845,0.037977505537809826,0.501071308613398,0.013668442220953985,0.501071308613398,0.013668442220953985,0.5016871416563689,0.02582828071058068,0.00219565395137849,0.02734671468012794,0.0033410375536782368,0.045556805145967855,0.4978968792401628,0.01893999810022149,0.5018354419310412,0.025820727422136737,abtype4_w85_t0.051
PA1_Csplit,804.0,0.49726368159203976,0.017290794085579125,737.45,0.2113192319869995,0.5027363184079603,0.017290794085579132,0.5033591422306586,0.037069715697978026,0.5012310964659716,0.013327363257661585,0.5012310964659716,0.013327363257661585,0.502153021269234,0.025205018390294973,0.002485120887168668,0.026701102176027808,0.004062418829939997,0.04443892716401828,0.49726368159203976,0.017290794085579125,0.5022951193483152,0.02519510033812256,abtype4_w85_t0.051
PA1_Csplit,871.0,0.495292766934558,0.015037115926252403,796.05,0.23199751377105712,0.504707233065442,0.015037115926252396,0.5066521038704473,0.032571217860456254,0.5023621858856389,0.011654967239016741,0.5023621858856389,0.011654967239016741,0.5043944390220706,0.022102458685606306,0.004732551228083653,0.023459055084418503,0.007926915714227666,0.038957151852259723,0.495292766934558,0.015037115926252403,0.5045071448780432,0.02211076275878422,abtype4_w85_t0.051
PA1_Csplit,938.0,0.4956289978678038,0.013186474034334799,854.85,0.25244914293289183,0.5043710021321962,0.013186474034334796,0.5069510298659993,0.02889031757748561,0.5024480499299451,0.010482056103320736,0.5024480499299451,0.010482056103320736,0.5046117709240396,0.019654234436182125,0.004883336123218118,0.0210774859985479,0.008250217479213794,0.034800681963548435,0.4956289978678038,0.013186474034334799,0.5046995398979721,0.019685450149281008,abtype4_w85_t0.051
PA1_Csplit,1000.0,0.4948499999999999,0.011181569657252966,909.6,0.27268146276474,0.5051500000000001,0.011181569657252966,0.5104166666666666,0.027932831141070456,0.5037497386590677,0.010059797298179511,0.5037497386590677,0.010059797298179511,0.5069943045517756,0.018974618909839664,0.007383386371108536,0.020202827604402944,0.01249956627891289,0.03352602323896117,0.4948499999999999,0.011181569657252966,0.5070832026628671,0.018996313573486596,abtype4_w85_t0.051
PA2_Csplit,67.0,0.5223880597014926,0.06384850637673861,66.4,0.004524683952331543,0.4776119402985074,0.06384850637673861,0.453145377979517,0.14160709212400727,0.488063010303709,0.04675266548727542,0.488063010303709,0.04675266548727542,0.4668881622453701,0.09501652810365048,-0.025963430172820927,0.09161480194219161,-0.04461468615087029,0.15376455977932887,0.5223880597014926,0.06384850637673861,0.4706041941416129,0.09210968871629854,abtype4_w85_t0.051
PA2_Csplit,134.0,0.5067164179104477,0.04812709652951114,131.25,0.02288966178894043,0.4932835820895522,0.04812709652951113,0.4822244253672361,0.07106799919359946,0.4955345177375676,0.026060501384003284,0.4955345177375676,0.026060501384003284,0.48823373665551506,0.04848345965796977,-0.008727670290726347,0.051892809531869664,-0.01721701704688568,0.08412489518835216,0.5067164179104477,0.04812709652951114,0.48887947155240175,0.04810865059564336,abtype4_w85_t0.051
PA2_Csplit,201.0,0.5032338308457711,0.027935002191106822,194.55,0.03967154026031494,0.4967661691542289,0.02793500219110682,0.5006684824375094,0.055231423966579436,0.5006578676769755,0.020440720625628107,0.5006578676769755,0.020440720625628107,0.5003596052852723,0.03762951415156702,0.0006295375045511197,0.039311698431512616,0.0014251291843638944,0.06669429153911159,0.5032338308457711,0.027935002191106822,0.5006631750572426,0.03772443990850814,abtype4_w85_t0.051
PA2_Csplit,268.0,0.5011194029850746,0.0187720316837392,256.7,0.057155835628509524,0.49888059701492543,0.018772031683739202,0.4942340389395036,0.042981171028590816,0.4973739888552206,0.015089711330310342,0.4973739888552206,0.015089711330310342,0.4956057852530944,0.0288828205454269,-0.005743823454183927,0.03012903881217771,-0.007860099193547906,0.05059061224379084,0.5011194029850746,0.0187720316837392,0.4958040138973622,0.028962877525712215,abtype4_w85_t0.051
PA2_Csplit,335.0,0.492686567164179,0.015724148004724877,317.55,0.07403641939163208,0.5073134328358209,0.015724148004724877,0.5013273614881198,0.03299948802096025,0.5007168518235786,0.012447197536711531,0.5007168518235786,0.012447197536711531,0.5009151615139897,0.022595875087239863,0.0011004862075070954,0.024886814800501866,0.0019362290208178455,0.04017604778920453,0.492686567164179,0.015724148004724877,0.5010221066558491,0.022643585143189867,abtype4_w85_t0.051
PA2_Csplit,402.0,0.49689054726368154,0.016252654658422867,379.25,0.09177424907684326,0.5031094527363185,0.01625265465842285,0.4967294637804612,0.03266729019619663,0.4994244028025706,0.01157842521665732,0.4994244028025706,0.01157842521665732,0.4979606770570714,0.022070616948606812,-0.0013393829062962382,0.02328197378723039,-0.0029548625105941246,0.03861771267172844,0.49689054726368154,0.016252654658422867,0.4980769332915159,0.02206510949736302,abtype4_w85_t0.051
PA2_Csplit,469.0,0.4952025586353945,0.014693214224016517,439.65,0.10956398248672486,0.5047974413646055,0.014693214224016508,0.5033082217918844,0.030968313525994922,0.5013443813330364,0.011253519229994385,0.5013443813330364,0.011253519229994385,0.5022289561976818,0.021053591541237867,0.0024021661381897043,0.022390098275908342,0.004185714685011296,0.037228835377,0.4952025586353945,0.014693214224016517,0.5023263015624604,0.021086348130574372,abtype4_w85_t0.051
PA2_Csplit,536.0,0.4934701492537313,0.01380470950275069,500.0,0.1275631904602051,0.5065298507462688,0.013804709502750694,0.5042953005334205,0.03068650841492766,0.5018934821208652,0.01124365368962885,0.5018934821208652,0.01124365368962885,0.5029981216193623,0.020926726252283343,0.003546938964588914,0.0224342026834279,0.00569087730165455,0.03701623297886739,0.4934701492537313,0.01380470950275069,0.5030943913271427,0.020935073391729,abtype4_w85_t0.051
PA2_Csplit,603.0,0.4957711442786069,0.012786435306324442,561.1,0.14589354991912842,0.5042288557213931,0.012786435306324447,0.5051312473917852,0.02768638677695311,0.5019429725490256,0.00979851102389567,0.5019429725490256,0.00979851102389567,0.5034547173358982,0.018683105327147512,0.0036965214463310194,0.019439472980888103,0.0062718204888838145,0.03278822526260758,0.4957711442786069,0.012786435306324442,0.5035371099704055,0.018707009444708093,abtype4_w85_t0.051
PA2_Csplit,670.0,0.4952238805970149,0.01314450080973373,622.55,0.16462715864181518,0.5047761194029852,0.013144500809733726,0.507251229937151,0.026273188525062625,0.5027163539179719,0.009189949861749735,0.5027163539179719,0.009189949861749735,0.504906611852188,0.017692197860875555,0.005275339998635381,0.018344752132641178,0.008860813720075357,0.031001943467955647,0.4952238805970149,0.01314450080973373,0.5049837919275613,0.017714112024888963,abtype4_w85_t0.051
PA2_Csplit,737.0,0.49389416553595655,0.013500507966168529,683.95,0.1834895968437195,0.5061058344640436,0.013500507966168513,0.5107489391516201,0.025908220928378658,0.50399609767107,0.009139671625495725,0.50399609767107,0.009139671625495725,0.5072924461498569,0.01747721355877829,0.007802423992856455,0.018208235953160117,0.013094793300775408,0.03070453388293587,0.49389416553595655,0.013500507966168529,0.5073725184113451,0.017507019263385732,abtype4_w85_t0.051
PA2_Csplit,804.0,0.4926616915422885,0.012032577702437406,744.55,0.2025562882423401,0.5073383084577114,0.01203257770243741,0.5126450543965688,0.02448872526672352,0.5046228159462716,0.00858280778241527,0.5046228159462716,0.00858280778241527,0.5085559513032709,0.01652259898358656,0.009055310734684885,0.01728443378271389,0.015287176316902771,0.02896841533747101,0.4926616915422885,0.012032577702437406,0.5086339351714202,0.016529399262081794,abtype4_w85_t0.051
PA2_Csplit,871.0,0.49334098737083815,0.011155546319656703,805.1,0.22179007530212402,0.5066590126291619,0.011155546319656698,0.5131109999498756,0.024585156032088454,0.5047202126515878,0.008666540173615777,0.5047202126515878,0.008666540173615777,0.5088373564935615,0.016577017422411182,0.009250338500245685,0.017317496889526225,0.01572972162602898,0.029174683109781666,0.49334098737083815,0.011155546319656703,0.5089156063007316,0.01662121038402863,abtype4_w85_t0.051
PA2_Csplit,938.0,0.4933901918976546,0.009093760388970635,865.2,0.24115933179855348,0.5066098081023455,0.009093760388970626,0.5152744807393357,0.022105555462932434,0.5054993220120825,0.007901028695533805,0.5054993220120825,0.007901028695533805,0.5103152036746079,0.014961665808477681,0.01078471544070162,0.01572539713149147,0.018328257750978662,0.026425435585095473,0.4933901918976546,0.009093760388970635,0.5103869013757091,0.015001646572049053,abtype4_w85_t0.051
PA2_Csplit,1000.0,0.49435,0.009339566371090263,920.95,0.2600792407989502,0.5056499999999999,0.009339566371090263,0.5138055555555555,0.023115567812810524,0.50497324066534,0.008330452663383054,0.50497324066534,0.008330452663383054,0.5093175953140203,0.015690973278130144,0.00974635728204814,0.016650834677695393,0.01657206608014675,0.027753420321260935,0.49435,0.009339566371090263,0.5093893981104477,0.015723009199411966,abtype4_w85_t0.051
PA_L1,67.0,0.47238805970149256,0.031048722481663765,41.45,0.0037124276161193846,0.5276119402985074,0.03104872248166377,0.5628174686401985,0.08069812321502283,0.5204743089778352,0.02501016522546805,0.5204743089778352,0.02501016522546805,0.5404742810699672,0.05053834970171229,0.03888823519336782,0.043712062089593766,0.0701725993319705,0.08460818058325767,0.47238805970149256,0.031048722481663765,0.5416458888090169,0.05149460139191686,abtype4_w85_t0.051
PA_L1,134.0,0.4779850746268656,0.040012459075459424,79.25,0.02068687677383423,0.5220149253731343,0.04001245907545942,0.5433312380013761,0.07253852051855682,0.5180403725237259,0.028793055711256278,0.5180403725237259,0.028793055711256278,0.5301057844418396,0.05001421235512245,0.036334544120188855,0.05909620154023858,0.055745050983783365,0.09057331166197276,0.4779850746268656,0.040012459075459424,0.5306858052625509,0.05045535504927902,abtype4_w85_t0.051
PA_L1,201.0,0.4848258706467662,0.03671072101848569,116.85,0.037119293212890626,0.5151741293532338,0.036710721018485694,0.5413635819469708,0.0664655864313212,0.515299061427572,0.024239493114369324,0.515299061427572,0.024239493114369324,0.5277686165861166,0.04476680313557719,0.030977381944921,0.04970617445200233,0.0501182193244157,0.07961152308225068,0.4848258706467662,0.03671072101848569,0.5283313216872714,0.04517879619307532,abtype4_w85_t0.051
PA_L1,268.0,0.48376865671641794,0.031755353625009586,153.3,0.053790497779846194,0.5162313432835821,0.03175535362500959,0.5370305007655582,0.05401364881968922,0.5134977240915506,0.01980237464996713,0.5134977240915506,0.01980237464996713,0.5248631408031911,0.03649421552561443,0.02727932649740559,0.04029935582797966,0.044550189140101296,0.06489536420920274,0.48376865671641794,0.031755353625009586,0.5252641124285545,0.03676961095835594,abtype4_w85_t0.051
PA_L1,335.0,0.4835820895522388,0.028113635051871293,190.0,0.07056342363357544,0.5164179104477611,0.028113635051871297,0.5362599424117492,0.045600436176204406,0.5128844885561097,0.01642954062807316,0.5128844885561097,0.01642954062807316,0.5242553706693905,0.03061283934602023,0.026111409375314087,0.0335564090447334,0.04316408553436703,0.05451016619278378,0.4835820895522388,0.028113635051871293,0.5245722154839294,0.03095236746923554,abtype4_w85_t0.051
PA_L1,402.0,0.49179104477611946,0.02530842397016001,229.7,0.08772939443588257,0.5082089552238805,0.025308423970160008,0.5280414603462316,0.03960742435091312,0.5099210076387821,0.013749904326485964,0.5099210076387821,0.013749904326485964,0.5187500155978542,0.026434389613502196,0.020087424013345657,0.02763830096398107,0.03332353764788714,0.04654061040265287,0.49179104477611946,0.02530842397016001,0.5189812339925068,0.026644193256301255,abtype4_w85_t0.051
PA_L1,469.0,0.4909381663113006,0.02196136170588857,266.75,0.10609387159347534,0.5090618336886994,0.02196136170588857,0.531940994470873,0.032257641502373514,0.5113209279330077,0.011381006534960159,0.5113209279330077,0.011381006534960159,0.5214318180376724,0.021615084906231007,0.022675981196578505,0.022900992892444006,0.038008506088429164,0.038274269261054775,0.4909381663113006,0.02196136170588857,0.5216309612019403,0.021804027513791423,abtype4_w85_t0.051
PA_L1,536.0,0.49132462686567174,0.0199048454127798,303.75,0.12330800294876099,0.5086753731343283,0.019904845412779794,0.5276526641856647,0.029258741818908238,0.5099584544659861,0.010529667708811917,0.5099584544659861,0.010529667708811917,0.5186515495842178,0.019727227085993868,0.01990750425996244,0.021298946042566606,0.03318013100120741,0.03508867483807603,0.49132462686567174,0.0199048454127798,0.5188055593258254,0.019888818329315053,abtype4_w85_t0.051
PA_L1,603.0,0.4902155887230514,0.0180557340536822,340.7,0.14071787595748902,0.5097844112769486,0.01805573405368221,0.5303984364969905,0.02298877793361641,0.5108902453145455,0.008294073087549128,0.5108902453145455,0.008294073087549128,0.5205050649552516,0.015498611211711137,0.021752604717054813,0.016685720149869944,0.03638180230490208,0.027602884128739843,0.4902155887230514,0.0180557340536822,0.5206443409057679,0.015636176591400333,abtype4_w85_t0.051
PA_L1,670.0,0.48820895522388064,0.017166774625300623,376.5,0.1583842158317566,0.5117910447761194,0.017166774625300633,0.5315534437682492,0.023635742475892983,0.5113251426269667,0.008518912179448784,0.5113251426269667,0.008518912179448784,0.5212914547002405,0.015896841817081307,0.022667276024115855,0.01717663914148169,0.03779587838658844,0.02835947953604387,0.48820895522388064,0.017166774625300623,0.521439293197608,0.01606953590102741,abtype4_w85_t0.051
PA_L1,737.0,0.4880597014925373,0.014777234496476143,413.25,0.17636945247650146,0.5119402985074628,0.014777234496476143,0.5317321792478749,0.023246122051797515,0.5113778079382489,0.008434265170593919,0.5113778079382489,0.008434265170593919,0.5214079710780904,0.01566337397139826,0.022679170404728437,0.016809528321767193,0.03799183267405579,0.02798393520528308,0.4880597014925373,0.014777234496476143,0.5215549935930619,0.01583251186072199,abtype4_w85_t0.051
PA_L1,804.0,0.48675373134328376,0.015300403352977105,449.3,0.1945056438446045,0.5132462686567163,0.015300403352977098,0.5310302269407446,0.02051757723596065,0.5111939680617976,0.00754944313085176,0.5111939680617976,0.00754944313085176,0.520980238547716,0.013912419645451136,0.022470740939155846,0.015322026620033482,0.03726629692170504,0.024873492299297806,0.48675373134328376,0.015300403352977105,0.5211120975012713,0.01402672521723684,abtype4_w85_t0.051
PA_L1,871.0,0.487256027554535,0.016968674890325892,486.7,0.21288913488388062,0.512743972445465,0.01696867489032589,0.5292406950255328,0.021896132440325136,0.510571363496118,0.00806457258191856,0.510571363496118,0.00806457258191856,0.5197793565748438,0.014863191280721074,0.021311408170209684,0.016358031061326987,0.0351586098146392,0.026565598397625213,0.487256027554535,0.016968674890325892,0.5199060292608253,0.014976476103761868,abtype4_w85_t0.051
PA_L1,938.0,0.4883262260127932,0.013840708409871979,524.2,0.23145205974578859,0.5116737739872069,0.013840708409871977,0.527657393182202,0.02041538504202583,0.5099221884221184,0.007386106237958284,0.5099221884221184,0.007386106237958284,0.5186757489457297,0.013798680765653444,0.01990155448200754,0.014959036568579526,0.033129903416914255,0.024555871641810677,0.4883262260127932,0.013840708409871979,0.5187897908021604,0.013899545362954407,abtype4_w85_t0.051
PA_L1,1000.0,0.4890500000000001,0.011791840399191303,558.85,0.24925938844680787,0.5109499999999999,0.01179184039919131,0.5240833333333332,0.01807842568667531,0.5086746721372746,0.006512753381934855,0.5086746721372746,0.006512753381934855,0.5162912072941878,0.012208491378084385,0.01740602441921979,0.013140941914750284,0.028907784586956427,0.021701636185645985,0.4890500000000001,0.011791840399191303,0.516379002735304,0.01229558764429167,abtype4_w85_t0.051
PA_L2,67.0,0.5156716417910447,0.06682751443253417,52.5,0.00471947193145752,0.4843283582089552,0.06682751443253417,0.4918655916120381,0.10503001798005303,0.4997416609251652,0.04187336447897213,0.4997416609251652,0.04187336447897213,0.4945715130947601,0.07378109111381571,0.0012868155891558597,0.08060659058895643,-0.005101186669785787,0.13014605911550353,0.5156716417910447,0.06682751443253417,0.4958036262686016,0.07290831547733877,abtype4_w85_t0.051
PA_L2,134.0,0.5119402985074626,0.04210965964079368,98.3,0.022095131874084472,0.48805970149253736,0.04210965964079369,0.49902979044557216,0.07126997886011562,0.49877681956464226,0.027218391896887625,0.49877681956464226,0.027218391896887625,0.4983977684662427,0.0492980366221322,-0.002995937279593591,0.05361921271298003,-0.002627848637221428,0.08776333231379367,0.5119402985074626,0.04210965964079368,0.49890330500510716,0.04917451399130526,abtype4_w85_t0.051
PA_L2,201.0,0.5094527363184079,0.040765672488798976,143.3,0.03940352201461792,0.49054726368159207,0.04076567248879899,0.5046144360610543,0.06773903787203646,0.5011163191391346,0.025381475442524292,0.5011163191391346,0.025381475442524292,0.502413932536679,0.046277859085252455,0.0018921403439206065,0.04976940500441565,0.004614133360607897,0.08223623755312172,0.5094527363184079,0.040765672488798976,0.5028653776000944,0.04640726957510964,abtype4_w85_t0.051
PA_L2,268.0,0.5041044776119403,0.03339291659974683,185.55,0.056306087970733644,0.49589552238805973,0.03339291659974683,0.5049342338659503,0.05204423180144036,0.5017557348093097,0.01778611749276079,0.5017557348093097,0.01778611749276079,0.503047889764469,0.03476483598495938,0.003657622132193561,0.035137363127131616,0.005935263602950942,0.06039808081081295,0.5041044776119403,0.03339291659974683,0.50334498433763,0.034818096540412374,abtype4_w85_t0.051
PA_L2,335.0,0.5019402985074627,0.030867389311021214,228.5,0.07375572919845581,0.4980597014925373,0.030867389311021214,0.5060519132111876,0.05003145608384521,0.5019608708758431,0.016767764612594493,0.5019608708758431,0.016767764612594493,0.5037360796011677,0.03306512204360939,0.004143493478926602,0.03307324924620085,0.0069457192467108474,0.05744170576275945,0.5019402985074627,0.030867389311021214,0.5040063920435154,0.03329589605210377,abtype4_w85_t0.051
PA_L2,402.0,0.5007462686567165,0.027148638785512602,270.35,0.09063500165939331,0.49925373134328355,0.027148638785512616,0.5031810734489561,0.044490548489935014,0.5009011795521054,0.015138377520963232,0.5009011795521054,0.015138377520963232,0.5018331106591613,0.029591458534996767,0.002039371395569528,0.029977440086745685,0.0034307296658585987,0.051693573876742095,0.5007462686567165,0.027148638785512602,0.5020411265005309,0.02976929494170868,abtype4_w85_t0.051
PA_L2,469.0,0.5006396588486139,0.02286127957983831,313.25,0.10796078443527221,0.4993603411513859,0.022861279579838308,0.5043236813614451,0.04151283881866853,0.5012930614951223,0.014055600921725898,0.5012930614951223,0.014055600921725898,0.5026215827736664,0.027630735737724958,0.0026417228346658217,0.02801311079747104,0.004778223686975497,0.04807634526996022,0.5006396588486139,0.02286127957983831,0.5028083714282838,0.02773435293252688,abtype4_w85_t0.051
PA_L2,536.0,0.5025186567164178,0.022691315231241904,357.25,0.12552831172943116,0.49748134328358196,0.022691315231241908,0.5045925735706194,0.03583127399021101,0.5013096363235399,0.01303192728768815,0.5013096363235399,0.01303192728768815,0.5028210786041725,0.02430279956946307,0.002807809221855062,0.02575637593989979,0.004959852575889616,0.04300735630580108,0.5025186567164178,0.022691315231241904,0.5029511049470797,0.02438646417202729,abtype4_w85_t0.051
PA_L2,603.0,0.5023217247097844,0.018036684298369,399.8,0.143716299533844,0.4976782752902156,0.018036684298369004,0.505869447718694,0.02986092860740013,0.5016986823792314,0.011021449638542026,0.5016986823792314,0.011021449638542026,0.5036914610352601,0.020391842413920638,0.0033736210917265086,0.021512392943273145,0.006354017887708517,0.036152826837030666,0.5023217247097844,0.018036684298369,0.5037840650489627,0.020413886024057595,abtype4_w85_t0.051
PA_L2,670.0,0.5022388059701492,0.01829500100318099,443.4,0.16197052001953124,0.4977611940298508,0.018295001003180995,0.5064334540519797,0.029327161722164683,0.5019106435851888,0.010531284887360213,0.5019106435851888,0.010531284887360213,0.5040807914652911,0.019855859154504267,0.0038250346930727096,0.020548155566814025,0.007037926526375163,0.03505809726758236,0.5022388059701492,0.01829500100318099,0.5041720488185841,0.019910472103478977,abtype4_w85_t0.051
PA_L2,737.0,0.5006105834464044,0.019353463195309138,485.6,0.1804823637008667,0.49938941655359564,0.019353463195309135,0.5083468869731113,0.02687414488615867,0.5027566392002922,0.010005536353494894,0.5027566392002922,0.010005536353494894,0.5054742743928684,0.018407474821654078,0.005615103998972243,0.01948553874393293,0.009608138651945717,0.032755764898176186,0.5006105834464044,0.019353463195309138,0.5055517630867017,0.018431901289830237,abtype4_w85_t0.051
PA_L2,804.0,0.5017412935323383,0.018370103603903763,528.75,0.19871124029159545,0.4982587064676617,0.018370103603903763,0.5045860137959189,0.026438914930397645,0.5014638532486855,0.009868385229969422,0.5014638532486855,0.009868385229969422,0.50295392156066,0.01815654940776914,0.0030486215740514076,0.01926939307264679,0.0051960377708140035,0.032287723686380415,0.5017412935323383,0.018370103603903763,0.5030249335223023,0.018150225219252965,abtype4_w85_t0.051
PA_L2,871.0,0.5024684270952928,0.017145930267263975,572.3,0.21718162298202515,0.4975315729047073,0.017145930267263975,0.5044646862742438,0.02443561405392671,0.501590404450485,0.009053401386410078,0.501590404450485,0.009053401386410078,0.5029669785477311,0.016733670745688364,0.0032853165124122176,0.0177164297359489,0.005329320918572443,0.029742324611996662,0.5024684270952928,0.017145930267263975,0.5030275453623643,0.016743399926568227,abtype4_w85_t0.051
PA_L2,938.0,0.5014392324093817,0.016472077868130007,615.15,0.23612303733825685,0.49856076759061824,0.01647207786813001,0.5065432261985423,0.02361294529321073,0.5023238725227348,0.008541944794137921,0.5023238725227348,0.008541944794137921,0.5043734519633534,0.016056255060831307,0.004670167664404956,0.016654501034024844,0.007797950641142805,0.02839936638861496,0.5014392324093817,0.016472077868130007,0.5044335493606386,0.01607630851500778,abtype4_w85_t0.051
PA_L2,1000.0,0.5004,0.015913516267626097,653.15,0.2548126459121704,0.49960000000000004,0.01591351626762609,0.5055555555555555,0.02588078079994525,0.5020021711660434,0.009331224984065023,0.5020021711660434,0.009331224984065023,0.5037086405549285,0.017580984749498606,0.00401402122549146,0.018303536729302215,0.006670280244571272,0.031080480950052534,0.5004,0.015913516267626097,0.5037788633607995,0.01760599823598858,abtype4_w85_t0.051
PA_I_L1,67.0,0.5149253731343284,0.054737674092215666,65.55,0.004436182975769043,0.48507462686567154,0.05473767409221566,0.4730695063913505,0.10925866243556141,0.4909819837452072,0.04099974778952929,0.4909819837452072,0.04099974778952929,0.48025238357762473,0.07602877209445583,-0.01866314408725202,0.07955346448674759,-0.02984090179595781,0.1292185930104924,0.5149253731343284,0.054737674092215666,0.4820257450682789,0.07403829664030605,abtype4_w85_t0.051
PA_I_L1,134.0,0.514179104477612,0.0475449863767059,125.85,0.022321927547454833,0.48582089552238805,0.04754498637670591,0.4803304500883371,0.08304045215261718,0.4941966086460692,0.028810215929341167,0.4941966086460692,0.028810215929341167,0.4863465891930769,0.056341488078729754,-0.010633936596357885,0.0574949962504101,-0.021426673667200975,0.09652073653576809,0.514179104477612,0.0475449863767059,0.48726352936720324,0.055644232645316,abtype4_w85_t0.051
PA_I_L1,201.0,0.5007462686567165,0.04780457710448664,183.3,0.04018499851226807,0.49925373134328355,0.047804577104486635,0.49971828866240353,0.08307184264791304,0.5001974864187739,0.02677724262644166,0.5001974864187739,0.02677724262644166,0.49913823754486053,0.05500009104882355,0.0012999520423197409,0.054043943558730816,0.00018109025013749377,0.0939381595680934,0.5007462686567165,0.04780457710448664,0.4999578875405888,0.05484128996541055,abtype4_w85_t0.051
PA_I_L1,268.0,0.5014925373134329,0.03675704583887985,239.4,0.05724862813949585,0.49850746268656715,0.03675704583887984,0.5007260646161006,0.05912682729282892,0.5006914969359808,0.01937608076866809,0.5006914969359808,0.01937608076866809,0.5003059544668471,0.03922810598262449,0.001698954909614725,0.038830133919339566,0.0016215185197381687,0.06739300460281003,0.5014925373134329,0.03675704583887985,0.5007087807760408,0.039187476521866535,abtype4_w85_t0.051
PA_I_L1,335.0,0.5001492537313432,0.03095674948384407,294.35,0.07471719980239869,0.49985074626865666,0.03095674948384407,0.5046414854299532,0.04206004507753052,0.5018315865893047,0.01369333468019183,0.5018315865893047,0.01369333468019183,0.5030373242030707,0.027770389923258185,0.0039312479024669,0.027051076748658236,0.005834870449984654,0.04786216292455274,0.5001492537313432,0.03095674948384407,0.503236536009629,0.027847658869930184,abtype4_w85_t0.051
PA_I_L1,402.0,0.4993781094527364,0.02637138579714123,348.75,0.09220942258834838,0.5006218905472637,0.026371385797141222,0.5033926962229387,0.03754371946124145,0.5016211864140128,0.012494312182505789,0.5016211864140128,0.012494312182505789,0.5023496529667041,0.025004105127472462,0.003539801766778222,0.02451162846621164,0.004782785454902472,0.04325362557478618,0.4993781094527364,0.02637138579714123,0.5025069413184757,0.02500756836883099,abtype4_w85_t0.051
PA_I_L1,469.0,0.49872068230277194,0.023443494377653598,403.25,0.11053223609924316,0.5012793176972281,0.023443494377653605,0.5059141703487091,0.037872599449126965,0.5025856216456874,0.0127783398258641,0.5025856216456874,0.0127783398258641,0.5040932889319203,0.02525351778024691,0.005355452314645554,0.025233503535610092,0.00789927680901378,0.04392213408991183,0.49872068230277194,0.023443494377653598,0.5042498959971983,0.02531211351585578,abtype4_w85_t0.051
PA_I_L1,536.0,0.49738805970149247,0.021143912785831626,457.8,0.12827943563461303,0.5026119402985075,0.02114391278583162,0.5051044037965551,0.03622169297384688,0.5020232403543693,0.012312570040584742,0.5020232403543693,0.012312570040584742,0.5034207026854267,0.024222571029898634,0.004190158423678381,0.02461633881903564,0.006450677104376112,0.04218587229624934,0.49738805970149247,0.021143912785831626,0.5035638220754624,0.024256880877669282,abtype4_w85_t0.051
PA_I_L1,603.0,0.49892205638474296,0.017778481644935885,514.15,0.1463597059249878,0.501077943615257,0.017778481644935885,0.5056854129403237,0.0320164277810575,0.5020608576266982,0.011061820382158494,0.5020608576266982,0.011061820382158494,0.5037634169259034,0.02147314009022856,0.004106900698132821,0.022000557210996124,0.0068462759969699,0.03762035730444281,0.49892205638474296,0.017778481644935885,0.5038731352835111,0.02153522262573069,abtype4_w85_t0.051
PA_I_L1,670.0,0.4995522388059701,0.017031283050942692,567.65,0.16437220573425293,0.5004477611940298,0.01703128305094268,0.5045107574941298,0.030899096158365603,0.5015819997354176,0.010709839044205872,0.5015819997354176,0.010709839044205872,0.502945293855444,0.020735682096047897,0.0030971906423856222,0.021415907423011388,0.005340313403517838,0.03635539969476414,0.4995522388059701,0.017031283050942692,0.5030463786147737,0.020798436110313366,abtype4_w85_t0.051
PA_I_L1,737.0,0.5008819538670285,0.0168177152056508,623.05,0.18291213512420654,0.4991180461329715,0.016817715205650785,0.500946027831406,0.024712578531166096,0.5002856909986456,0.008830380109176727,0.5002856909986456,0.008830380109176727,0.5005528008838993,0.016764539937929934,0.0005240741545543326,0.017706139612797663,0.0010455158821195752,0.029531243194714313,0.5008819538670285,0.0168177152056508,0.5006158594150258,0.016768574188808925,abtype4_w85_t0.051
PA_I_L1,804.0,0.49925373134328355,0.015041011400826833,676.95,0.2015116572380066,0.5007462686567165,0.01504101140082684,0.5040055894917299,0.024183878663224613,0.5013394619791397,0.008462220902903017,0.5013394619791397,0.008462220902903017,0.5026104000506484,0.01628452023896983,0.0026273311419095615,0.01701161769263419,0.00463251100339432,0.028601333080981978,0.49925373134328355,0.015041011400826833,0.502672525735435,0.01632089692888839,abtype4_w85_t0.051
PA_I_L1,871.0,0.498105625717566,0.01452376306189984,730.9,0.22089658975601195,0.501894374282434,0.014523763061899847,0.5042247643916045,0.024658222523956004,0.5014100049029331,0.008767998935772724,0.5014100049029331,0.008767998935772724,0.5027531983042528,0.01668867598256359,0.0027747719858928375,0.01765518575439593,0.004882152805232005,0.02939025756498942,0.498105625717566,0.01452376306189984,0.5028173846472688,0.016709302755066345,abtype4_w85_t0.051
PA_I_L1,938.0,0.4977078891257996,0.014160555865494575,785.1,0.2399672031402588,0.5022921108742004,0.014160555865494567,0.5031239469197211,0.026250115476260577,0.5011298350743044,0.009504642296005367,0.5011298350743044,0.009504642296005367,0.502056138965101,0.01787360333922431,0.0021553338867706328,0.01920121645754742,0.0037585855891360135,0.03158541628362282,0.4977078891257996,0.014160555865494575,0.5021268909970127,0.017876174379687623,abtype4_w85_t0.051
PA_I_L1,1000.0,0.49779999999999996,0.013340164916521846,834.2,0.25878856182098386,0.5022,0.013340164916521844,0.5016666666666667,0.023738544995818907,0.5005961189538207,0.008553288430445056,0.5005961189538207,0.008553288430445056,0.5010738276221645,0.016138405449536167,0.0010863019048171386,0.017230292450013354,0.001993536901084865,0.02849859651228291,0.49779999999999996,0.013340164916521846,0.5011313928102437,0.016145915076161275,abtype4_w85_t0.051
PA_I_L2,67.0,0.5104477611940299,0.042895844367760935,54.95,0.004866254329681396,0.48955223880597015,0.04289584436776093,0.4708141483985876,0.09737805412438817,0.4876640679681531,0.03731441423230002,0.4876640679681531,0.03731441423230002,0.4781046235505144,0.06734604296929463,-0.026762935121964048,0.07453999047668107,-0.0376551617982121,0.11875916096231669,0.5104477611940299,0.042895844367760935,0.47923910818337034,0.06692459624928687,abtype4_w85_t0.051
PA_I_L2,134.0,0.5022388059701494,0.03687050545383769,103.1,0.022058141231536866,0.4977611940298508,0.036870505453837694,0.4955400320018897,0.06283528178337196,0.49955561048928876,0.024305216059398446,0.49955561048928876,0.024305216059398446,0.4971409608161824,0.043466389309485494,-0.0010994751185340657,0.04912533299585702,-0.003350984655602918,0.07714488708167201,0.5022388059701494,0.03687050545383769,0.49754782124558916,0.04334839555566004,abtype4_w85_t0.051
PA_I_L2,201.0,0.5000000000000001,0.027856254087899348,149.5,0.038495111465454104,0.4999999999999999,0.027856254087899338,0.5071222246079656,0.04120160126694946,0.5037880662857275,0.016186893355962233,0.5037880662857275,0.016186893355962233,0.5053005859990979,0.028569957118952605,0.007472581255742244,0.031687002584523845,0.01053456129349823,0.05146008039451079,0.5000000000000001,0.027856254087899348,0.5054551454468466,0.028658275303881917,abtype4_w85_t0.051
PA_I_L2,268.0,0.4988805970149254,0.021696405612099446,195.65,0.05558370351791382,0.5011194029850746,0.021696405612099443,0.5135372347899441,0.03821993372521714,0.5055604683072954,0.01431554949765548,0.5055604683072954,0.01431554949765548,0.5093947738656424,0.026173345830551666,0.010683266990043006,0.027783721819190824,0.01734436225646057,0.04664853264376109,0.4988805970149254,0.021696405612099446,0.5095488515486198,0.026237415132276756,abtype4_w85_t0.051
PA_I_L2,335.0,0.5017910447761194,0.019663010812387402,241.55,0.07317372560501098,0.4982089552238807,0.019663010812387416,0.5118192493469446,0.03369997431404131,0.5045065730482718,0.01288623099780936,0.5045065730482718,0.01288623099780936,0.5080465892007452,0.023198608228864485,0.00868374754004413,0.02498683994077385,0.01459006704019262,0.04163573035745225,0.5017910447761194,0.019663010812387402,0.5081629111976083,0.023283130407541576,abtype4_w85_t0.051
PA_I_L2,402.0,0.497139303482587,0.01731091292349698,285.1,0.09051064252853394,0.5028606965174129,0.01731091292349698,0.5196823534992767,0.03265292851027133,0.5073113906677718,0.011938172694169939,0.5073113906677718,0.011938172694169939,0.51335996735775,0.0221123701118354,0.014380620907453446,0.023351164820378533,0.023958813962054498,0.039346396143564485,0.497139303482587,0.01731091292349698,0.5134968720835242,0.022259856154977952,abtype4_w85_t0.051
PA_I_L2,469.0,0.49786780383795304,0.015529942630814624,330.2,0.10830476284027099,0.5021321961620469,0.01552994263081462,0.5134897787561065,0.0282445565788336,0.505298920610046,0.010554980081775502,0.505298920610046,0.010554980081775502,0.509302871360456,0.019315524692043933,0.010395988256145789,0.020773587462145266,0.01690490570077065,0.03445058071324221,0.49786780383795304,0.015529942630814624,0.5093943496830763,0.019381106919020417,abtype4_w85_t0.051
PA_I_L2,536.0,0.49720149253731344,0.013485851021269564,373.3,0.1258617401123047,0.5027985074626866,0.013485851021269547,0.5127405413170157,0.026766846622799628,0.5050352268328869,0.010013962269792918,0.5050352268328869,0.010013962269792918,0.5088056408960044,0.01833220090176302,0.009945672411109264,0.019837275093831708,0.016026480520168366,0.032689674399061244,0.49720149253731344,0.013485851021269564,0.5088878840749514,0.01837914533207008,abtype4_w85_t0.051
PA_I_L2,603.0,0.4967661691542288,0.013700173321161467,417.7,0.14354135990142822,0.5032338308457713,0.013700173321161456,0.5108280409751973,0.022304188640940588,0.5041668074011918,0.008323717949907062,0.5041668074011918,0.008323717949907062,0.5074393969083113,0.015255792488663043,0.008360049170344025,0.016653416223071787,0.01343907074750501,0.027195911111359716,0.4967661691542288,0.013700173321161467,0.5074974241881945,0.015302266913396046,abtype4_w85_t0.051
PA_I_L2,670.0,0.49477611940298505,0.012712878773150645,460.4,0.16128326654434205,0.505223880597015,0.012712878773150646,0.5131722207549585,0.02288951932350161,0.5048830803544411,0.008366622446060906,0.5048830803544411,0.008366622446060906,0.5089600470776675,0.015577003900691016,0.009788945947713679,0.016809647995357974,0.016036014084116253,0.027642979593198683,0.49477611940298505,0.012712878773150645,0.5090276505546998,0.015619958990647791,abtype4_w85_t0.051
PA_I_L2,737.0,0.4965400271370421,0.011396548058921636,505.05,0.17952489852905273,0.5034599728629578,0.011396548058921636,0.5109190179737884,0.02354039456348132,0.5039806229083886,0.008472127410066227,0.5039806229083886,0.008472127410066227,0.5073831538682951,0.015960972717692885,0.007919071596512372,0.016943310861292672,0.013181903154318123,0.028224556375752625,0.4965400271370421,0.011396548058921636,0.5074498204410884,0.016001501566873088,abtype4_w85_t0.051
PA_I_L2,804.0,0.4958333333333333,0.010408263113558544,548.5,0.19797332286834718,0.5041666666666667,0.010408263113558533,0.5114137346781584,0.017873236089442655,0.5041065154080854,0.006491794102422549,0.5041065154080854,0.006491794102422549,0.5077160026715207,0.012141964432186627,0.008176055654274428,0.012950507278676242,0.013690508565674544,0.02153918472937434,0.4958333333333333,0.010408263113558544,0.5077601250431216,0.012181316186422068,abtype4_w85_t0.051
PA_I_L2,871.0,0.4984500574052813,0.010995921317887432,594.35,0.21643707752227784,0.5015499425947187,0.010995921317887417,0.5107796775010616,0.01686917344802329,0.5038809085845115,0.006048018750256172,0.5038809085845115,0.006048018750256172,0.5072905277285557,0.011421386018686646,0.00773629136902273,0.012088705283576983,0.012935526598865692,0.020199265018351314,0.4984500574052813,0.010995921317887432,0.5073302930427864,0.011458040141691462,abtype4_w85_t0.051
PA_I_L2,938.0,0.497547974413646,0.01122242312362536,637.85,0.2353091835975647,0.502452025586354,0.011222423123625364,0.5106778619908161,0.014913009855963642,0.5038508707870977,0.005371717452947766,0.5038508707870977,0.005371717452947766,0.5072312718838328,0.010100803079680235,0.007693262876306695,0.010756234421668865,0.012824564936826627,0.01790035131873271,0.497547974413646,0.01122242312362536,0.5072643663889569,0.010142251960445641,abtype4_w85_t0.051
PA_I_L2,1000.0,0.4978000000000001,0.0117200682591869,678.85,0.2542498826980591,0.5021999999999999,0.0117200682591869,0.5103333333333333,0.016369951394001613,0.5037221014615471,0.005896565196139042,0.5037221014615471,0.005896565196139042,0.506991143745948,0.011076359484693257,0.0074261267229521425,0.011862932289421502,0.012403501259135242,0.01964957688572201,0.4978000000000001,0.0117200682591869,0.5070277173974402,0.011133257802476574,abtype4_w85_t0.051
PA_II_L1,67.0,0.49850746268656715,0.043103071875204936,50.35,0.004123973846435547,0.5014925373134329,0.04310307187520492,0.49185202951370866,0.074723254919512,0.497021916090638,0.02730806080276487,0.497021916090638,0.02730806080276487,0.49378398328028633,0.051002310676274566,-0.009324886385874342,0.05676710023454745,-0.010154414100333218,0.08856877564608755,0.49850746268656715,0.043103071875204936,0.49443697280217336,0.05063233750173779,abtype4_w85_t0.051
PA_II_L1,134.0,0.4932835820895522,0.04593645790003699,92.75,0.022287189960479736,0.5067164179104477,0.045936457900036996,0.4997163515493478,0.056033236938398845,0.5009459439817626,0.020160165012173693,0.5009459439817626,0.020160165012173693,0.5000079996062825,0.03796099247808078,0.0014055298695547836,0.04226445985483924,0.001461608517309295,0.06685371432545438,0.4932835820895522,0.04593645790003699,0.5003311477655551,0.038021277712243395,abtype4_w85_t0.051
PA_II_L1,201.0,0.4920398009950248,0.0379514279493404,133.25,0.03874948024749756,0.5079601990049751,0.0379514279493404,0.5015000544907705,0.0533030253326678,0.5002354946873406,0.018517190976275695,0.5002354946873406,0.018517190976275695,0.500568233825363,0.035762321432741134,0.00030712887757411986,0.038538863711925185,0.0013282406344777072,0.06258704992090684,0.4920398009950248,0.0379514279493404,0.5008677745890556,0.03585681205166208,abtype4_w85_t0.051
PA_II_L1,268.0,0.49664179104477607,0.03421664170893134,176.45,0.055418121814727786,0.503358208955224,0.03421664170893135,0.5062802715136687,0.049773161577115484,0.5023382843140471,0.01721943487828952,0.5023382843140471,0.01721943487828952,0.504047161791277,0.033223444159626296,0.00506465299935952,0.0341285945316111,0.007647288610274053,0.058084090146595754,0.49664179104477607,0.03421664170893134,0.5043092779138579,0.03339396541965294,abtype4_w85_t0.051
PA_II_L1,335.0,0.4928358208955223,0.03141994888271433,217.1,0.07229758501052856,0.5071641791044776,0.03141994888271433,0.5065467103908329,0.04956674511424342,0.5028160197629482,0.01736325684570054,0.5028160197629482,0.01736325684570054,0.5044198966110129,0.03339661887514009,0.00615473221035549,0.03520609953927494,0.00862915708352834,0.05847343275275506,0.4928358208955223,0.03141994888271433,0.5046813650768905,0.03342258189740868,abtype4_w85_t0.051
PA_II_L1,402.0,0.49465174129353234,0.02853955934943988,259.15,0.08952939510345459,0.5053482587064677,0.028539559349439875,0.5085344592792849,0.04665299910933477,0.5031397296540184,0.016646447188657824,0.5031397296540184,0.016646447188657824,0.5056096208694851,0.03156496101618859,0.0066021433771231985,0.03395751622081319,0.01034676406447882,0.05562650919965547,0.49465174129353234,0.02853955934943988,0.5058370944666517,0.03162553069243529,abtype4_w85_t0.051
PA_II_L1,469.0,0.4928571428571427,0.028592702832871394,299.65,0.10678174495697021,0.5071428571428572,0.0285927028328714,0.51112252086687,0.041546575188266564,0.503961197296386,0.01418324858117852,0.503961197296386,0.01418324858117852,0.5073468089096629,0.027795325935857502,0.008401182893206327,0.028915404409960085,0.013276041453590237,0.04847441609348841,0.4928571428571427,0.028592702832871394,0.507541859081628,0.027848593308985786,abtype4_w85_t0.051
PA_II_L1,536.0,0.4916044776119402,0.023005327624948307,340.4,0.12412701845169068,0.5083955223880599,0.023005327624948307,0.512533462893804,0.03792530548615949,0.5046925626372566,0.01326603770066806,0.5046925626372566,0.01326603770066806,0.5084502578870722,0.025522892607720025,0.009600360075156411,0.0269524918900747,0.015334668816420816,0.04477865607799039,0.4916044776119402,0.023005327624948307,0.5086130127655303,0.025577472935389756,abtype4_w85_t0.051
PA_II_L1,603.0,0.49295190713101167,0.02254337746082022,381.15,0.14185655117034912,0.5070480928689883,0.022543377460820226,0.5128452280232152,0.03583623762199091,0.5046441209301741,0.012711951991798831,0.5046441209301741,0.012711951991798831,0.5085991938786403,0.02419652912208069,0.009415580388362165,0.025823945230651575,0.015434752303631066,0.04263236630519945,0.49295190713101167,0.02254337746082022,0.5087446744766947,0.024261055126674848,abtype4_w85_t0.051
PA_II_L1,670.0,0.49395522388059704,0.02067298880249464,422.45,0.15964734554290771,0.5060447761194029,0.020672988802494643,0.5109633366315636,0.03645448335149137,0.5039234852891631,0.012993610150773662,0.5039234852891631,0.012993610150773662,0.507298465854183,0.02465484679734888,0.00792494499057243,0.026425842003088028,0.013112332132155435,0.04350635147925424,0.49395522388059704,0.02067298880249464,0.5074434109603633,0.02471893109378147,abtype4_w85_t0.051
PA_II_L1,737.0,0.49518317503392134,0.016448019533417794,464.5,0.17766281366348266,0.5048168249660787,0.016448019533417787,0.5097495480621566,0.0318179471585825,0.5035302731695668,0.011572984061429628,0.5035302731695668,0.011572984061429628,0.5065326200072623,0.02161003972863118,0.007061675408006835,0.023395177249279274,0.011730971066393451,0.038365318301446634,0.49518317503392134,0.016448019533417794,0.5066399106158617,0.021692367614324196,abtype4_w85_t0.051
PA_II_L1,804.0,0.4920398009950249,0.0151128359990886,503.35,0.19597400426864625,0.5079601990049751,0.01511283599908859,0.5111236708700216,0.02760829587639097,0.5040543225841134,0.010021105691828939,0.5040543225841134,0.010021105691828939,0.5075029983403925,0.01874124011367976,0.008161553837297202,0.020340172254760102,0.01342776740190046,0.03325383851946072,0.4920398009950249,0.0151128359990886,0.5075889967270676,0.01881159228554935,abtype4_w85_t0.051
PA_II_L1,871.0,0.4926521239954077,0.01317523116482407,545.1,0.2143046021461487,0.5073478760045924,0.013175231164824061,0.5134023044169429,0.028042782643344234,0.5048399771249347,0.010220992574599795,0.5048399771249347,0.010220992574599795,0.5090276580012939,0.019058778931537644,0.00967253998683848,0.020518779719160187,0.016104481079594675,0.03384755920262837,0.4926521239954077,0.01317523116482407,0.509121140770939,0.019128763952502695,abtype4_w85_t0.051
PA_II_L1,938.0,0.49472281449893396,0.012190284976694414,587.75,0.23275743722915648,0.5052771855010659,0.012190284976694407,0.5126520095242226,0.02918150674071068,0.5045594070994732,0.010498460236976863,0.5045594070994732,0.010498460236976863,0.5085065748586771,0.01976624223683762,0.009015613285096336,0.020989111956005762,0.015188770475345632,0.03500045757888084,0.49472281449893396,0.012190284976694414,0.508605708311848,0.01983854876592995,abtype4_w85_t0.051
PA_II_L1,1000.0,0.49515000000000003,0.011739995741055454,625.8,0.25159181356430055,0.50485,0.011739995741055456,0.5129166666666667,0.026564546943642537,0.5046497267811876,0.009566045283716485,0.5046497267811876,0.009566045283716485,0.5086974782550027,0.018006914066728098,0.009249073393297419,0.019144466274456613,0.015499544626100977,0.031882135585561557,0.49515000000000003,0.011739995741055454,0.5087831967239272,0.01806529588326795,abtype4_w85_t0.051
PA_II_L2,67.0,0.5111940298507462,0.05680962490497988,52.35,0.00503462553024292,0.4888059701492537,0.056809624904979865,0.4855830653743893,0.1023173609713945,0.49294881446342204,0.030779472930702,0.49294881446342204,0.030779472930702,0.4877252892464103,0.06597112581439721,-0.013242984392586605,0.0571291715966758,-0.02170662127868814,0.10666607597495818,0.5111940298507462,0.05680962490497988,0.4892659399189057,0.06545479343377122,abtype4_w85_t0.051
PA_II_L2,134.0,0.5104477611940299,0.03711889586700265,97.45,0.0235348105430603,0.48955223880597004,0.03711889586700266,0.468934617545466,0.050971831866484955,0.489799761333099,0.017936447972956213,0.489799761333099,0.017936447972956213,0.47891958516726163,0.03490450203073367,-0.020763541777176358,0.036091700311012206,-0.03558544019590297,0.05995074615145244,0.5104477611940299,0.03711889586700265,0.4793671894392825,0.03433767223512758,abtype4_w85_t0.051
PA_II_L2,201.0,0.5004975124378109,0.023932365116031227,140.4,0.04310519695281982,0.49950248756218907,0.023932365116031234,0.49066211577362945,0.046372759791320654,0.49703501356966484,0.01761439457456779,0.49703501356966484,0.01761439457456779,0.49361226987204343,0.03205903356494154,-0.006662727840865468,0.03614683594388064,-0.010565565643973256,0.056723262789005725,0.5004975124378109,0.023932365116031227,0.49384856467164717,0.0318979082631506,abtype4_w85_t0.051
PA_II_L2,268.0,0.5042910447761194,0.02489885420097227,183.9,0.060431599617004395,0.49570895522388064,0.024898854200972268,0.4928516847111427,0.038915964829066986,0.49728024747896304,0.014670611102976138,0.49728024747896304,0.014670611102976138,0.4949069630395034,0.026804035274942684,-0.0055882131158695725,0.029604248415148107,-0.00887846080436551,0.04756828819237007,0.5042910447761194,0.02489885420097227,0.495065966095053,0.026746870870998113,abtype4_w85_t0.051
PA_II_L2,335.0,0.5055223880597015,0.021737308513733986,227.95,0.07817562818527221,0.49447761194029854,0.021737308513733983,0.4954618867766324,0.041277536419550794,0.49873799628429055,0.015427617250289571,0.49873799628429055,0.015427617250289571,0.4969270470956458,0.028309138075055838,-0.0026349973632087574,0.031179009544354073,-0.004883638589199891,0.050278958693342826,0.5055223880597015,0.021737308513733986,0.49709994153046144,0.028312117379166352,abtype4_w85_t0.051
PA_II_L2,402.0,0.5031094527363185,0.024561133946947193,271.1,0.09634052515029908,0.49689054726368165,0.0245611339469472,0.5036132712256289,0.04004050219620047,0.5014410182132832,0.014341646563369531,0.5014410182132832,0.014341646563369531,0.5023635928011505,0.027110415508851425,0.002930875317036363,0.02854859921416043,0.004536648541562477,0.047827355632073416,0.5031094527363185,0.024561133946947193,0.502527144719456,0.027168592282056408,abtype4_w85_t0.051
PA_II_L2,469.0,0.5021321961620469,0.024380803040574134,314.35,0.11419962644577027,0.49786780383795304,0.02438080304057413,0.5040879488908894,0.03696332998328604,0.5015910571460671,0.013549976523700408,0.5015910571460671,0.013549976523700408,0.5027053216404191,0.025159134153213587,0.0032972048791154672,0.026944524402310235,0.005096754428769815,0.04470459448565378,0.5021321961620469,0.024380803040574134,0.5028395030184781,0.025244406031692826,abtype4_w85_t0.051
PA_II_L2,536.0,0.5018656716417911,0.021645007481004747,358.05,0.13274937868118286,0.4981343283582089,0.021645007481004733,0.5065496075835769,0.030375081328127138,0.5025634152309916,0.010974708086937917,0.5025634152309916,0.010974708086937917,0.504459967150676,0.020639973098294753,0.005102614983326282,0.021656761912252204,0.008190273802955342,0.03647384781639594,0.5018656716417911,0.021645007481004747,0.5045565114072841,0.020665322011529454,abtype4_w85_t0.051
PA_II_L2,603.0,0.5,0.0186926133375714,400.05,0.15160785913467406,0.5,0.0186926133375714,0.5074902920443078,0.024991959263532912,0.5027615810089577,0.008718741755869052,0.5027615810089577,0.008718741755869052,0.5050551049258549,0.016827725248639784,0.0055507373160423815,0.01727331983279028,0.009079527245287782,0.02948120542499295,0.5,0.0186926133375714,0.5051259365266328,0.016845133075073113,abtype4_w85_t0.051
PA_II_L2,670.0,0.49880597014925376,0.016237818231593006,441.9,0.17048655748367308,0.5011940298507462,0.016237818231593017,0.5077269465068357,0.02443729962495378,0.502862395832957,0.008643285158242316,0.502862395832957,0.008643285158242316,0.5052281759831473,0.016497617276779942,0.005722202895919565,0.017259653144341375,0.009401327204466226,0.029045741503461283,0.49880597014925376,0.016237818231593006,0.5052946711698965,0.01653536255020452,abtype4_w85_t0.051
PA_II_L2,737.0,0.49823609226594295,0.014623819359899575,485.15,0.18998544216156005,0.501763907734057,0.014623819359899584,0.5082905019351914,0.026516619548638,0.5029028391615806,0.009157052339756501,0.5029028391615806,0.009157052339756501,0.5055165056584843,0.017782658649250313,0.00570485099563402,0.01825130981858165,0.009808510178580207,0.03114085261731373,0.49823609226594295,0.014623819359899575,0.505596670548386,0.01783136645980381,abtype4_w85_t0.051
PA_II_L2,804.0,0.4982587064676617,0.012795841939912117,528.2,0.2115085244178772,0.5017412935323383,0.012795841939912123,0.5078676055809908,0.02537704931974224,0.5028356954458707,0.008934143874272391,0.5028356954458707,0.008934143874272391,0.5052796746567962,0.017114289108096453,0.00553106514005453,0.017846900699748078,0.009444043809966985,0.03009986768418817,0.4982587064676617,0.012795841939912117,0.5053516505134308,0.017152181285160863,abtype4_w85_t0.051
PA_II_L2,871.0,0.498564867967853,0.013422896614339746,571.35,0.2315716028213501,0.5014351320321471,0.013422896614339751,0.5077149514952692,0.022493298745127656,0.5026677694328668,0.007874219475994258,0.5026677694328668,0.007874219475994258,0.5051336140245917,0.015130782309877133,0.005208313972556944,0.015592672067149569,0.009070330579997418,0.026606796318113857,0.498564867967853,0.013422896614339746,0.5051913604640679,0.015181276715212782,abtype4_w85_t0.051
PA_II_L2,938.0,0.49909381663113006,0.012834311091421816,614.6,0.2518113613128662,0.5009061833688698,0.01283431109142182,0.5074236191081016,0.024748698294508636,0.5026284636172701,0.008774329792042687,0.5026284636172701,0.008774329792042687,0.5049590970972182,0.016702297103728846,0.005142528824724557,0.017356707560866054,0.008834241541414994,0.029468909120626476,0.49909381663113006,0.012834311091421816,0.5050260413626859,0.016760755645926377,abtype4_w85_t0.051
PA_II_L2,1000.0,0.49994999999999995,0.012559757163257588,654.75,0.27168506383895874,0.5000500000000001,0.012559757163257579,0.5064722222222222,0.022358108839170585,0.5023304440899182,0.00806352657526972,0.5023304440899182,0.00806352657526972,0.5043480429879723,0.015157599875741593,0.004511103193569244,0.01585831936223106,0.007767409640259076,0.026854048528329438,0.49994999999999995,0.012559757163257588,0.5044013331560703,0.015210814204721089,abtype4_w85_t0.051
