Algorithm,Captured Time,Mistakes,Mistakes (Std),Updates,Time,Accuracies,Accuracies (Std),Sensitivities,Sensitivities (Std),Specificities,Specificities (Std),Precisions,Precisions (Std),G-Mean,G-Mean (Std),Kappas,Kappas (Std),MCCs,MCCs (Std),Cumulative Errors,Cumulative Errors (Std),Sum,Sum (Std),Dataset
Gaussian_Kernel_Perceptron,67.0,0.7850746268656715,0.11584243529511794,62.6,0.004334604740142823,0.21492537313432836,0.11584243529511794,0.4943785675166919,0.06023161774779896,0.4024008330013301,0.16335044009602664,0.4024008330013301,0.16335044009602664,0.4314960638226936,0.13254560588914294,0.0014236290464326063,0.029366765291135744,-0.05030608920674721,0.13761998144408902,0.7850746268656715,0.11584243529511794,0.4483897002590109,0.09993610552827814,abtype1_w75_t0.528
Gaussian_Kernel_Perceptron,134.0,0.8313432835820894,0.05646053826679921,124.25,0.019992685317993163,0.16865671641791047,0.05646053826679921,0.49760784061453134,0.03833144161621597,0.4399400254307218,0.13857594952041113,0.4399400254307218,0.13857594952041113,0.45755895202149804,0.10901512053243625,0.0004792477340507806,0.01727345147455253,-0.02645094394452575,0.09582577833125136,0.8313432835820894,0.05646053826679921,0.46877393302262665,0.07957129390100486,abtype1_w75_t0.528
Gaussian_Kernel_Perceptron,201.0,0.8437810945273633,0.060143471774574846,186.1,0.037071049213409424,0.15621890547263684,0.060143471774574846,0.5033826201820042,0.029390104214578012,0.44005649746399256,0.13959227211906525,0.44005649746399256,0.13959227211906525,0.4596391002190255,0.11056936970717167,0.0021214252116685426,0.012518562892970072,-0.01767091589084429,0.08236659098184755,0.8437810945273633,0.060143471774574846,0.47171955882299843,0.07794801336984107,abtype1_w75_t0.528
Gaussian_Kernel_Perceptron,268.0,0.8505597014925372,0.04626677596081206,247.8,0.05531221628189087,0.1494402985074627,0.04626677596081204,0.5042238540983345,0.02491703790589111,0.4474498309378034,0.13828158352692532,0.4474498309378034,0.13828158352692532,0.46414040124416384,0.10768348260461885,0.002181851214748537,0.010684224596150168,-0.008403291248457014,0.06833880739176348,0.8505597014925372,0.04626677596081206,0.4758368425180689,0.07509491920963787,abtype1_w75_t0.528
Gaussian_Kernel_Perceptron,335.0,0.8586567164179104,0.042502211230198934,308.55,0.06990898847579956,0.14134328358208956,0.04250221123019895,0.5025587015352598,0.021316694772397667,0.4469488975488073,0.1373550336325003,0.4469488975488073,0.1373550336325003,0.4633314442267274,0.10515960047888659,0.0017853491782002183,0.009109242044576764,-0.009059437687320347,0.0619758303620951,0.8586567164179104,0.042502211230198934,0.4747537995420335,0.07340611196440634,abtype1_w75_t0.528
Gaussian_Kernel_Perceptron,402.0,0.8613184079601991,0.039698834996280186,370.5,0.0842329978942871,0.138681592039801,0.03969883499628017,0.502519110239957,0.020712414999817068,0.44539279308027435,0.1373400380629644,0.44539279308027435,0.1373400380629644,0.4622917017721357,0.10551102380203789,0.0015750980797821113,0.009169398146390291,-0.009187908817157777,0.05896227926082018,0.8613184079601991,0.039698834996280186,0.47395595166011556,0.07305288728131608,abtype1_w75_t0.528
Gaussian_Kernel_Perceptron,469.0,0.8652452025586352,0.0346348998630554,430.6,0.09640110731124878,0.1347547974413646,0.03463489986305539,0.50242622109831,0.016542759938957794,0.446371809230083,0.13772087247673906,0.446371809230083,0.13772087247673906,0.4625521126992191,0.10556369717869432,0.0013520446206572666,0.007260921778900527,-0.007368680223088604,0.05236646248476681,0.8652452025586352,0.0346348998630554,0.47439901516419647,0.0722827801738973,abtype1_w75_t0.528
Gaussian_Kernel_Perceptron,536.0,0.8651119402985075,0.03264179019170266,493.05,0.10765089988708496,0.13488805970149256,0.03264179019170265,0.5025716357915315,0.014475139119425698,0.448278808971118,0.1380300947893172,0.448278808971118,0.1380300947893172,0.46346226829960385,0.10584537571314927,0.0013337386883969515,0.00637294234087422,-0.005116847764426363,0.047696950979527364,0.8651119402985075,0.03264179019170266,0.4754252223813248,0.07190000605707468,abtype1_w75_t0.528
Gaussian_Kernel_Perceptron,603.0,0.8670812603648426,0.028066615436339645,553.2,0.11983075141906738,0.13291873963515755,0.02806661543633965,0.502524734008903,0.012683054334404077,0.44943617788640655,0.13824453340145335,0.44943617788640655,0.13824453340145335,0.46396836396368657,0.10586286040762082,0.0011948040541105876,0.005501873831573301,-0.0037754370561591576,0.04425239175128408,0.8670812603648426,0.028066615436339645,0.47598045594765476,0.07161353806298201,abtype1_w75_t0.528
Gaussian_Kernel_Perceptron,670.0,0.8656716417910448,0.031272129611577555,614.65,0.13333650827407836,0.13432835820895522,0.031272129611577555,0.5037528204569048,0.013988011417531221,0.4513881422168665,0.13908869486710015,0.4513881422168665,0.13908869486710015,0.4654704237655135,0.10672589227085111,0.0017464924395202198,0.006325701269551479,-0.0005390258820978086,0.04393529366443252,0.8656716417910448,0.031272129611577555,0.4775704813368856,0.07223484779014976,abtype1_w75_t0.528
Gaussian_Kernel_Perceptron,737.0,0.8681818181818182,0.031604097328440175,676.85,0.14660882949829102,0.1318181818181818,0.03160409732844018,0.5040683179988557,0.012668530598883159,0.4540650017941389,0.1401583860046286,0.4540650017941389,0.1401583860046286,0.4667617883094567,0.10783336301306244,0.0019444997301184819,0.005711205752999508,0.002017725091942194,0.04132425459291046,0.8681818181818182,0.031604097328440175,0.4790666598964973,0.07251638402977821,abtype1_w75_t0.528
Gaussian_Kernel_Perceptron,804.0,0.869278606965174,0.028375932752340627,737.75,0.15948693752288817,0.13072139303482588,0.028375932752340623,0.5027814805648344,0.011054935051447582,0.45191675795009134,0.13848490164215754,0.45191675795009134,0.13848490164215754,0.46532618532355474,0.1057280685276381,0.0013367752056020587,0.004920216401837005,-0.000886963342059435,0.03781889944992175,0.869278606965174,0.028375932752340627,0.4773491192574628,0.07120971265938482,abtype1_w75_t0.528
Gaussian_Kernel_Perceptron,871.0,0.8702066590126292,0.02608620036748668,799.1,0.17179685831069946,0.1297933409873708,0.026086200367486687,0.5022441107070857,0.010569747381414118,0.4727980736301062,0.10869968534891522,0.4727980736301062,0.10869968534891522,0.4812004789676343,0.07981667435593859,0.0010718789376492122,0.004651441291234094,-0.0026840567089947373,0.04008537165711638,0.8702066590126292,0.02608620036748668,0.48752109216859607,0.056693143354715494,abtype1_w75_t0.528
Gaussian_Kernel_Perceptron,938.0,0.8714818763326226,0.02566945238912413,860.95,0.18563237190246581,0.1285181236673774,0.02566945238912413,0.5021894908208221,0.009520280778980178,0.4849094806934409,0.06576724194817912,0.4849094806934409,0.06576724194817912,0.4922774060863769,0.03897421370055419,0.0010109242027644071,0.004073169987174779,-0.0010174106628804073,0.03500224783994023,0.8714818763326226,0.02566945238912413,0.49354948575713153,0.035690135912251814,abtype1_w75_t0.528
Gaussian_Kernel_Perceptron,1000.0,0.8721,0.02325059139032812,917.3,0.19857925176620483,0.1279,0.023250591390328118,0.5023888888888889,0.009008055379958269,0.48574352664118414,0.0658328485346384,0.48574352664118414,0.0658328485346384,0.4927917229648096,0.038868519085172665,0.001048975302618299,0.0038160118507137037,-4.8270597798055066e-05,0.03395500852309817,0.8721,0.02325059139032812,0.4940662077650365,0.03556576913425116,abtype1_w75_t0.528
PA1_L1,67.0,0.45746268656716416,0.07614500593709457,65.7,0.002398335933685303,0.5425373134328357,0.07614500593709458,0.7237277874870482,0.05186933484785408,0.5721856924117883,0.026310922268736138,0.5721856924117883,0.026310922268736138,0.6432730379972218,0.034515524905915466,0.13740644527415669,0.06062395306041485,0.2514275992335516,0.07016618872935737,0.45746268656716416,0.07614500593709457,0.6479567399494183,0.035889998167128394,abtype1_w75_t0.528
PA1_L1,134.0,0.45149253731343286,0.04992197074723751,125.25,0.012987112998962403,0.548507462686567,0.04992197074723751,0.7396598121812428,0.029422420400817825,0.5793449155721856,0.019070290143203997,0.5793449155721856,0.019070290143203997,0.6545215591167541,0.02120742370698862,0.14983188824210267,0.042533222385297734,0.2744546955407675,0.045365948291924856,0.45149253731343286,0.04992197074723751,0.6595023638767141,0.021734214073988057,abtype1_w75_t0.528
PA1_L1,201.0,0.45074626865671635,0.03297873317249065,178.35,0.030870306491851806,0.5492537313432836,0.032978733172490636,0.7429956822308375,0.01894409072883639,0.5811245682088602,0.016889007911127508,0.5811245682088602,0.016889007911127508,0.6570310699250469,0.015439824408534485,0.1516849385080487,0.03288616688916946,0.27964204013898225,0.03567476147062793,0.45074626865671635,0.03297873317249065,0.6620601252198489,0.015447145174072177,abtype1_w75_t0.528
PA1_L1,268.0,0.44570895522388054,0.029768426605112946,228.85,0.04698613882064819,0.5542910447761195,0.029768426605112943,0.7479704722712702,0.018131694057674393,0.581143321931101,0.012947186707230766,0.581143321931101,0.012947186707230766,0.6592542957279225,0.013144390777124258,0.1532826140472845,0.025508413421319202,0.2829918227604217,0.02905246331165702,0.44570895522388054,0.029768426605112946,0.6645568971011855,0.01340056844012564,abtype1_w75_t0.528
PA1_L1,335.0,0.4411940298507463,0.02383577883901747,276.25,0.05774180889129639,0.5588059701492537,0.023835778839017465,0.7521960196691297,0.01598535797577255,0.5834028671772414,0.008720551274341633,0.5834028671772414,0.008720551274341633,0.662404321020017,0.009700307821566997,0.15843799606493555,0.01801133764309899,0.28965464320268647,0.019918230083864598,0.4411940298507463,0.02383577883901747,0.6677994434231855,0.010150265159467122,abtype1_w75_t0.528
PA1_L1,402.0,0.43980099502487563,0.02360695206789711,323.15,0.06950889825820923,0.5601990049751243,0.023606952067897098,0.7536698004901357,0.013537966276225546,0.5848540559217226,0.008376938661427065,0.5848540559217226,0.008376938661427065,0.6638905445316567,0.008948518563932707,0.16132051797841554,0.018366838235928273,0.29311327326247405,0.018968938445698493,0.43980099502487563,0.02360695206789711,0.669261928205929,0.009236240489891679,abtype1_w75_t0.528
PA1_L1,469.0,0.4390191897654584,0.01815374401384503,368.9,0.08060482740402222,0.5609808102345417,0.01815374401384503,0.7541312454099345,0.010578862901664524,0.5871080001660736,0.007682833739420046,0.5871080001660736,0.007682833739420046,0.6653738216465389,0.0068757531606756005,0.16493160012173452,0.015421279449091057,0.2972609410932582,0.01535694645824371,0.4390191897654584,0.01815374401384503,0.6706196227880039,0.007020694265866989,abtype1_w75_t0.528
PA1_L1,536.0,0.43805970149253726,0.01566053266524874,412.8,0.09224278926849365,0.5619402985074626,0.01566053266524875,0.7548230503018508,0.00922260025346092,0.5883883310147564,0.007672680603046109,0.5883883310147564,0.007672680603046109,0.6664059991830666,0.006242334149797016,0.16721809353263437,0.014910304083513362,0.2998436226668001,0.014653642690889772,0.43805970149253726,0.01566053266524874,0.6716056906583037,0.006277375876171557,abtype1_w75_t0.528
PA1_L1,603.0,0.4381426202321725,0.014106912317171967,456.8,0.10401728153228759,0.5618573797678276,0.01410691231717196,0.7550564359049583,0.008752297449939606,0.58855079339875,0.007118851097640662,0.58855079339875,0.007118851097640662,0.6666045710384509,0.005919993655499691,0.16744144009618134,0.013493255118975022,0.30030395127110465,0.013779697402269744,0.4381426202321725,0.014106912317171967,0.6718036146518543,0.0059697745913808034,abtype1_w75_t0.528
PA1_L1,670.0,0.43865671641791043,0.012388059701492538,500.4,0.1157110571861267,0.5613432835820895,0.012388059701492546,0.7545417586339639,0.007778682483311451,0.5901650952379898,0.0060082799109456245,0.5901650952379898,0.0060082799109456245,0.6672955897388755,0.005097550162894002,0.16972599571201027,0.011392535013981955,0.3028024275975955,0.011599073564835558,0.43865671641791043,0.012388059701492538,0.6723534269359768,0.005171262983805411,abtype1_w75_t0.528
PA1_L1,737.0,0.4371777476255089,0.011308367183725715,542.0,0.12587937116622924,0.562822252374491,0.011308367183725724,0.7554487851543171,0.0075180488125704955,0.5908834980879047,0.004838904987972419,0.5908834980879047,0.004838904987972419,0.6681079421654073,0.004806380779864788,0.17140357801857103,0.009712250731872311,0.3046256298726595,0.010195776725039117,0.4371777476255089,0.011308367183725715,0.673166141621111,0.004953327778916545,abtype1_w75_t0.528
PA1_L1,804.0,0.4365049751243781,0.010637600962797339,584.3,0.1369937539100647,0.5634950248756219,0.010637600962797344,0.7557974510233039,0.006668406197667761,0.5918065430236871,0.005040745822775843,0.5918065430236871,0.005040745822775843,0.6687848757603267,0.004585184149225193,0.173065541397444,0.010214139091447924,0.3063738014771614,0.01020007412734964,0.4365049751243781,0.010637600962797339,0.6738019970234955,0.004652720873621832,abtype1_w75_t0.528
PA1_L1,871.0,0.4342709529276694,0.00880287106592484,623.6,0.14787911176681517,0.5657290470723306,0.008802871065924835,0.75716839202653,0.005892914659592084,0.592255430949362,0.0035156335109459104,0.592255430949362,0.0035156335109459104,0.6696479029506677,0.003565073180647505,0.17457941392042692,0.0071468063711587855,0.30799609907795966,0.00740619288276121,0.4342709529276694,0.00880287106592484,0.6747119114879461,0.0037063737794847144,abtype1_w75_t0.528
PA1_L1,938.0,0.4336886993603411,0.007714308108795542,663.65,0.16022143363952637,0.5663113006396588,0.007714308108795547,0.757582191899494,0.005203330452695453,0.5925074754451928,0.002264539196616569,0.5925074754451928,0.002264539196616569,0.6699771293527851,0.0031791668716130853,0.17520906657358237,0.0054823805977323135,0.30870993929358204,0.006056609873813486,0.4336886993603411,0.007714308108795542,0.6750448336723435,0.0033504019145287963,abtype1_w75_t0.528
PA1_L1,1000.0,0.43200000000000005,0.0065345237010818215,700.3,0.1711040496826172,0.568,0.0065345237010817955,0.7584444444444445,0.004084750321033738,0.5934210000364593,0.0013549741591718217,0.5934210000364593,0.0013549741591718217,0.6708768655319491,0.0025707894882750263,0.17724561559536536,0.004332757234624399,0.31076756058832844,0.004705845560205699,0.43200000000000005,0.0065345237010818215,0.6759327222404518,0.0027182292329493633,abtype1_w75_t0.528
PA1_L2,67.0,0.4708955223880597,0.041811029336810274,60.9,0.002476966381072998,0.5291044776119402,0.041811029336810274,0.6911772955574206,0.06987847965256964,0.5708331162935798,0.03233470717479981,0.5708331162935798,0.03233470717479981,0.6278313688827187,0.04846941566443665,0.1286176385070203,0.05875885234788892,0.23124236906714885,0.09269407250850667,0.4708955223880597,0.041811029336810274,0.6310052059255002,0.0496935110296425,abtype1_w75_t0.528
PA1_L2,134.0,0.4477611940298508,0.03812549186401434,115.95,0.017199504375457763,0.5522388059701492,0.03812549186401434,0.7335214339854655,0.02377924658866821,0.5893570208666303,0.022357717643938478,0.5893570208666303,0.022357717643938478,0.6574175785009073,0.020567910279275934,0.16522457240240648,0.042548668052061665,0.28763056445046836,0.04466983893775077,0.4477611940298508,0.03812549186401434,0.6614392274260479,0.02058597135242373,abtype1_w75_t0.528
PA1_L2,201.0,0.4412935323383085,0.03370990968454711,170.85,0.03313932418823242,0.5587064676616915,0.03370990968454712,0.7422874958322241,0.019641453574187066,0.5917227985158867,0.019007216766259893,0.5917227985158867,0.019007216766259893,0.6626914872895843,0.017604861830688198,0.17116283970482288,0.03773080850515756,0.29717608162658216,0.03931337886120284,0.4412935323383085,0.03370990968454711,0.6670051471740555,0.017536171800293883,abtype1_w75_t0.528
PA1_L2,268.0,0.43955223880597016,0.033240384255701624,225.1,0.046683001518249514,0.5604477611940298,0.03324038425570163,0.7469306595464524,0.019530101789364346,0.5912059751155505,0.013894630649170818,0.5912059751155505,0.013894630649170818,0.6644828932762902,0.014826754922332704,0.1713458723319921,0.029928288583050272,0.29959389400007896,0.0316167966007022,0.43955223880597016,0.033240384255701624,0.6690683173310015,0.015078494883191478,abtype1_w75_t0.528
PA1_L2,335.0,0.43820895522388065,0.026491591322189596,280.35,0.06222023963928223,0.5617910447761194,0.0264915913221896,0.7496452491362782,0.015276108977131341,0.5916350089940361,0.010741428757793773,0.5916350089940361,0.010741428757793773,0.665950121651868,0.0117566061447591,0.17250007196430947,0.024022318782098668,0.30220569538570796,0.024946556486524715,0.43820895522388065,0.026491591322189596,0.6706401290651572,0.01195360823606013,abtype1_w75_t0.528
PA1_L2,402.0,0.43532338308457713,0.02222160341704209,333.6,0.07741764783859253,0.5646766169154228,0.022221603417042074,0.7525185522633334,0.01147448155125947,0.5920656623159573,0.010663736299266108,0.5920656623159573,0.010663736299266108,0.6674727934748601,0.010154686599182117,0.17415499930610062,0.022977721862129322,0.30465427356457037,0.02257288631315152,0.43532338308457713,0.02222160341704209,0.6722921072896451,0.0101326733291472,abtype1_w75_t0.528
PA1_L2,469.0,0.43272921108741996,0.016754707355970257,387.45,0.09184114933013916,0.5672707889125801,0.01675470735597024,0.7543633716950546,0.009678952567564804,0.5941084256485397,0.008137242805540859,0.5941084256485397,0.008137242805540859,0.6694448620375513,0.00785389258173146,0.1780908988923803,0.01744842793310575,0.30923732082585215,0.01735259259900931,0.43272921108741996,0.016754707355970257,0.6742358986717972,0.007887339035738314,abtype1_w75_t0.528
PA1_L2,536.0,0.4361940298507463,0.015946854959968743,441.35,0.10494122505187989,0.5638059701492536,0.01594685495996873,0.7529762974566775,0.00829706298542921,0.593834151765418,0.006412573243766847,0.593834151765418,0.006412573243766847,0.6686803543789781,0.006597134608555729,0.17635845248711032,0.014438944486372682,0.30802915283203613,0.01431421081106607,0.4361940298507463,0.015946854959968743,0.6734052246110478,0.006666288048208017,abtype1_w75_t0.528
PA1_L2,603.0,0.43606965174129353,0.013929114294237554,495.0,0.11556638479232788,0.5639303482587066,0.013929114294237545,0.7535169830986955,0.0074272667041152185,0.5935049260299876,0.006599731918851942,0.5935049260299876,0.006599731918851942,0.6687349463150453,0.0062999089192755245,0.17582880739452655,0.013669213438320943,0.3078027795686312,0.014074790725582402,0.43606965174129353,0.013929114294237554,0.6735109545643415,0.00630223512312641,abtype1_w75_t0.528
PA1_L2,670.0,0.4341044776119404,0.01279823549600076,547.1,0.1282127857208252,0.5658955223880597,0.01279823549600076,0.7550342041105285,0.006937482357348754,0.5939485347341573,0.005342913807490415,0.5939485347341573,0.005342913807490415,0.669659383503362,0.005414430571852055,0.17725606141369332,0.011667596129210008,0.30949586125260165,0.01178380533692383,0.4341044776119404,0.01279823549600076,0.674491369422343,0.005471949451851491,abtype1_w75_t0.528
PA1_L2,737.0,0.432089552238806,0.013017827456944958,599.5,0.14078561067581177,0.5679104477611941,0.013017827456944946,0.7564946784396058,0.007562348585458682,0.5942377870494615,0.005195385686166346,0.5942377870494615,0.005195385686166346,0.6704709247494882,0.00575970633879865,0.17849012260485747,0.011890897859463257,0.3108771793186376,0.012173290718836247,0.432089552238806,0.013017827456944958,0.6753662327445337,0.005865240624890514,abtype1_w75_t0.528
PA1_L2,804.0,0.4320273631840796,0.012358422008482285,651.7,0.15201926231384277,0.5679726368159204,0.012358422008482278,0.7569583161881392,0.006946442346986639,0.5937981141042364,0.004041102690823113,0.5937981141042364,0.004041102690823113,0.6704284685258498,0.0048246272735055235,0.17783031570853838,0.009842646976468689,0.3104515052882912,0.009870969175375572,0.4320273631840796,0.012358422008482285,0.6753782151461879,0.004973912762009163,abtype1_w75_t0.528
PA1_L2,871.0,0.43111366245694616,0.010194893511821049,704.05,0.16400527954101562,0.5688863375430538,0.010194893511821049,0.7577927982526893,0.00607194539148475,0.5937032260051126,0.002752382160482102,0.5937032260051126,0.002752382160482102,0.6707456416387437,0.003871181857992043,0.1780248420130454,0.007327782529847576,0.31082297885222665,0.007472255831742704,0.43111366245694616,0.010194893511821049,0.6757480121289009,0.00405554709513958,abtype1_w75_t0.528
PA1_L2,938.0,0.4314498933901919,0.009053049800209654,756.7,0.17775455713272095,0.5685501066098082,0.009053049800209654,0.7577688030888766,0.005295398366475752,0.5937483065754453,0.0020099250200764215,0.5937483065754453,0.0020099250200764215,0.6707608098965407,0.0031133912505145254,0.1779447117405673,0.005665457995032771,0.31088873853571636,0.00574474678246295,0.4314498933901919,0.009053049800209654,0.675758554832161,0.0033056171619150827,abtype1_w75_t0.528
PA1_L2,1000.0,0.4316,0.008345058418010034,805.0,0.18842164278030396,0.5684,0.00834505841801001,0.7579999999999999,0.004741464065189315,0.593254202720652,0.001551826955258523,0.593254202720652,0.001551826955258523,0.6705857024643855,0.0029728735790676324,0.17715540628498067,0.005332034749605882,0.310222856393217,0.005428004956743961,0.4316,0.008345058418010034,0.6756271013603261,0.0031449553976401474,abtype1_w75_t0.528
PA2_L1,67.0,0.46268656716417916,0.05951463294739368,67.0,0.0030370235443115236,0.5373134328358209,0.059514632947393696,0.7089672292339129,0.04373781859326131,0.5815093780662347,0.02947385815280618,0.5815093780662347,0.02947385815280618,0.6418643383276917,0.03232647687350915,0.1480850640775427,0.05708074132281022,0.2577319829502993,0.0689951451901328,0.46268656716417916,0.05951463294739368,0.645238303650074,0.03282217183246,abtype1_w75_t0.528
PA2_L1,134.0,0.4451492537313433,0.029595456865079743,134.0,0.013481628894805909,0.5548507462686568,0.029595456865079747,0.7349504761412854,0.020910432957412652,0.5889912062140997,0.016107238537372618,0.5889912062140997,0.016107238537372618,0.657824341317316,0.013711385201146543,0.16443581278643,0.026451095665575658,0.28790461959805774,0.030183269506585605,0.4451492537313433,0.029595456865079743,0.6619708411776924,0.013961434981682293,abtype1_w75_t0.528
PA2_L1,201.0,0.4455223880597015,0.02524477335446437,200.85,0.029986560344696045,0.5544776119402985,0.02524477335446436,0.7404185606746922,0.017837393176015487,0.5877806160048437,0.015940338998901724,0.5877806160048437,0.015940338998901724,0.6596515133801013,0.01491674784101359,0.16333151608326876,0.02989649847439244,0.2896335274849334,0.03412594732463409,0.4455223880597015,0.02524477335446437,0.6640995883397679,0.014917846315367115,abtype1_w75_t0.528
PA2_L1,268.0,0.4455223880597014,0.021480355171080975,267.15,0.046289825439453126,0.5544776119402985,0.02148035517108098,0.7436400846837323,0.013542261698026553,0.5888120802691018,0.012192780260855933,0.5888120802691018,0.012192780260855933,0.6616850009517156,0.011376302589654422,0.165076178463799,0.023466810687570044,0.293683260004807,0.025916324346131704,0.4455223880597014,0.021480355171080975,0.666226082476417,0.01136274355421097,abtype1_w75_t0.528
PA2_L1,335.0,0.4414925373134329,0.018782264139390298,331.75,0.05913467407226562,0.5585074626865673,0.018782264139390308,0.7471739679665248,0.011721436763501677,0.592915340674183,0.008970744228784548,0.592915340674183,0.008970744228784548,0.6655731352193401,0.009055529638461365,0.17284985975717987,0.018488590532258577,0.30284087780347646,0.019677124300674597,0.4414925373134329,0.018782264139390298,0.670044654320354,0.00915495354688881,abtype1_w75_t0.528
PA2_L1,402.0,0.4416666666666667,0.018100754430621105,394.2,0.07141567468643188,0.5583333333333333,0.018100754430621112,0.748793966243362,0.011842054164628048,0.5910668635292768,0.009448402811838464,0.5910668635292768,0.009448402811838464,0.665247211624106,0.008851309869496804,0.16999005333484316,0.018551548426863212,0.3006972355270687,0.019705482519259642,0.4416666666666667,0.018100754430621105,0.6699304148863195,0.008934497305645678,abtype1_w75_t0.528
PA2_L1,469.0,0.43699360341151383,0.01726256088717154,454.8,0.08450943231582642,0.5630063965884861,0.017262560887171506,0.7524424020038112,0.010684475361053759,0.5913578624054352,0.008271223827568668,0.5913578624054352,0.008271223827568668,0.6670356519497751,0.007888042454770686,0.17220957116978963,0.01688787722291384,0.30346159268143913,0.01748318312181674,0.43699360341151383,0.01726256088717154,0.6719001322046232,0.007979264763067722,abtype1_w75_t0.528
PA2_L1,536.0,0.4361007462686567,0.015417211030790284,513.1,0.09773319959640503,0.5638992537313432,0.015417211030790287,0.753366111344784,0.009209721662815416,0.5925455905481778,0.007432312988138269,0.5925455905481778,0.007432312988138269,0.6681223855895542,0.007230913243371691,0.17441084873760665,0.015873985706141746,0.3060730930927946,0.015971563089633673,0.4361007462686567,0.015417211030790284,0.6729558509464808,0.007282513685565062,abtype1_w75_t0.528
PA2_L1,603.0,0.4325041459369817,0.014028713752939704,568.7,0.10828946828842163,0.5674958540630182,0.014028713752939707,0.7557000714851256,0.008723361474459833,0.5935740856844607,0.006005429595791754,0.5935740856844607,0.006005429595791754,0.6697407361750721,0.006442447856169915,0.1773123190598128,0.013181681163751315,0.30926052137931404,0.013647376445690062,0.4325041459369817,0.014028713752939704,0.6746370785847932,0.006567379738678951,abtype1_w75_t0.528
PA2_L1,670.0,0.43231343283582097,0.01053561146459698,624.8,0.11992253065109253,0.5676865671641791,0.010535611464596976,0.7561715772196439,0.006147232254969032,0.5938065176147027,0.004890324310297637,0.5938065176147027,0.004890324310297637,0.6700852348192539,0.004966259140888715,0.17772503251311847,0.010565516028990177,0.30997077058698363,0.010838557262585534,0.43231343283582097,0.01053561146459698,0.6749890474171734,0.005006322639583182,abtype1_w75_t0.528
PA2_L1,737.0,0.4324966078697422,0.008351807712818614,679.0,0.13218168020248414,0.5675033921302578,0.008351807712818633,0.7566868795249562,0.0053455497686183545,0.5929502893472327,0.004181493084700013,0.5929502893472327,0.004181493084700013,0.6698306770278789,0.0042150374459396815,0.17635800420904305,0.008972120393911324,0.3088760702906365,0.009211143828282713,0.4324966078697422,0.008351807712818614,0.6748185844360945,0.004256064032235609,abtype1_w75_t0.528
PA2_L1,804.0,0.429228855721393,0.006990669401192238,732.5,0.1445201516151428,0.5707711442786069,0.006990669401192241,0.7584617366916534,0.004874165335030849,0.5945079707722237,0.0038975938716860584,0.5945079707722237,0.0038975938716860584,0.6714964630135076,0.0038665368896752725,0.17995551326345324,0.008091702957173505,0.3125351552071556,0.00849479961891203,0.429228855721393,0.006990669401192238,0.6764848537319386,0.0038971990640402823,abtype1_w75_t0.528
PA2_L1,871.0,0.4289322617680827,0.005779431893755788,784.5,0.15507525205612183,0.5710677382319174,0.005779431893755773,0.7588035281702263,0.004149049056650986,0.5948212240176838,0.002396191388121741,0.5948212240176838,0.002396191388121741,0.6718253138136685,0.002686661462871487,0.18053932988041416,0.005378454791041185,0.3132832215507975,0.0054772658813376516,0.4289322617680827,0.005779431893755788,0.676812376093955,0.0027843478698590424,abtype1_w75_t0.528
PA2_L1,938.0,0.43017057569296374,0.005616020124121936,836.4,0.16567063331604004,0.5698294243070363,0.005616020124121935,0.7585231963498462,0.0037959786538026936,0.5938485479201316,0.0022648763236397603,0.5938485479201316,0.0022648763236397603,0.6711531278091789,0.0027453119484406774,0.17859016465252325,0.005226537985455248,0.31151416561225415,0.005627335594922524,0.43017057569296374,0.005616020124121936,0.676185872134989,0.0028221046220676393,abtype1_w75_t0.528
PA2_L1,1000.0,0.4305,0.0035142566781611187,882.5,0.17853820323944092,0.5694999999999999,0.0035142566781611187,0.758611111111111,0.0028733556757746023,0.5934300721512942,0.0010073360411619891,0.5934300721512942,0.0010073360411619891,0.6709561466083731,0.0018389362801549474,0.17781769946681777,0.00255373719801177,0.3108829353551219,0.0034005018702119743,0.4305,0.0035142566781611187,0.6760205916312026,0.0019392532233818021,abtype1_w75_t0.528
PA2_L2,67.0,0.43805970149253726,0.06337134860146755,65.15,0.0027323484420776365,0.5619402985074626,0.06337134860146756,0.7210416335631045,0.06977344709006968,0.5835140081719372,0.04110146943420196,0.5835140081719372,0.04110146943420196,0.6483057474484164,0.051150499709672996,0.1602725985229096,0.08349267390845976,0.26781007680806906,0.10408334386811825,0.43805970149253726,0.06337134860146755,0.6522778208675208,0.05223817804150256,abtype1_w75_t0.528
PA2_L2,134.0,0.44888059701492533,0.04116502060984381,125.45,0.013348305225372314,0.5511194029850746,0.04116502060984382,0.7371686423066709,0.03211167878762898,0.5808140313487246,0.029757766131692252,0.5808140313487246,0.029757766131692252,0.6541230733763126,0.026078826910586442,0.1512275073947948,0.05629638961773394,0.27302678452529994,0.060987121314300216,0.44888059701492533,0.04116502060984381,0.6589913368276976,0.02605332698673906,abtype1_w75_t0.528
PA2_L2,201.0,0.4388059701492538,0.031410336552566365,184.25,0.03071727752685547,0.5611940298507461,0.03141033655256636,0.7485327972881232,0.02093617037312563,0.5861663789111287,0.02109348830387007,0.5861663789111287,0.02109348830387007,0.6622826440703133,0.017510177496851884,0.16359750997624334,0.04097195953145685,0.29086648404368237,0.041206357185619026,0.4388059701492538,0.031410336552566365,0.6673495880996259,0.017346136594332758,abtype1_w75_t0.528
PA2_L2,268.0,0.4384328358208955,0.02712612144578484,241.75,0.04749479293823242,0.5615671641791045,0.027126121445784843,0.7509070495803905,0.018749134841847696,0.5865512468046161,0.01590926387755226,0.5865512468046161,0.01590926387755226,0.6635804028714933,0.013857691937088372,0.16423322117540134,0.03080514165058357,0.29360372482105035,0.03168922221922283,0.4384328358208955,0.02712612144578484,0.6687291481925033,0.01392547849060928,abtype1_w75_t0.528
PA2_L2,335.0,0.43776119402985075,0.02098647582422084,299.4,0.06530890464782715,0.5622388059701493,0.02098647582422083,0.752064734126529,0.015399298228986346,0.5883884423000002,0.012212806106601725,0.5883884423000002,0.012212806106601725,0.6651645859033406,0.011194283184000725,0.16729250045625815,0.02314763000955451,0.29789352183156387,0.02510079802703042,0.43776119402985075,0.02098647582422084,0.6702265882132646,0.0113178267340795,abtype1_w75_t0.528
PA2_L2,402.0,0.4366915422885572,0.018739038940309222,357.25,0.07814661264419556,0.5633084577114428,0.018739038940309222,0.753374221568827,0.013401089291532263,0.5901891591466659,0.009227299585118745,0.5901891591466659,0.009227299585118745,0.6667822549902723,0.00948287391472168,0.17061396478074736,0.019032397651756704,0.30202135720473655,0.02025685640969077,0.4366915422885572,0.018739038940309222,0.6717816903577465,0.00968422023271694,abtype1_w75_t0.528
PA2_L2,469.0,0.4356076759061834,0.013753904838268783,414.9,0.09336355924606324,0.5643923240938167,0.01375390483826877,0.7543497632635805,0.010210345357074756,0.5915251406664923,0.007246700468172141,0.5915251406664923,0.007246700468172141,0.6679788040980702,0.00729504263258472,0.17300966079023264,0.01461895786485485,0.304955061060665,0.015754502801961376,0.4356076759061834,0.013753904838268783,0.6729374519650364,0.007430795888314374,abtype1_w75_t0.528
PA2_L2,536.0,0.4343283582089551,0.011674990930717923,473.05,0.10881904363632203,0.5656716417910448,0.011674990930717931,0.7552166806172135,0.008186108073980887,0.5930293740365047,0.007520742117816386,0.5930293740365047,0.007520742117816386,0.6692122793952333,0.006448509642577168,0.17572603550034546,0.014609795868648967,0.3079551148947109,0.014770598587934084,0.4343283582089551,0.011674990930717923,0.6741230273268591,0.006433108320321998,abtype1_w75_t0.528
PA2_L2,603.0,0.434742951907131,0.010673996371951827,531.6,0.1212743878364563,0.565257048092869,0.010673996371951815,0.755343383430612,0.0073127160598226845,0.5930938534490032,0.006272677992602756,0.5930938534490032,0.006272677992602756,0.6693097147141069,0.005653342828262358,0.17568733116522117,0.012483803207213236,0.30821032570614376,0.012717678724299408,0.434742951907131,0.010673996371951827,0.6742186184398077,0.005672199415951258,abtype1_w75_t0.528
PA2_L2,670.0,0.43298507462686564,0.010834011608334039,589.6,0.13296228647232056,0.5670149253731344,0.010834011608334025,0.7566747218259999,0.00695961157941231,0.593419363123695,0.0053154464217341855,0.593419363123695,0.0053154464217341855,0.6700871581875303,0.005329495887702991,0.17690376861732965,0.011542239268023327,0.309609523955798,0.01160108415207713,0.43298507462686564,0.010834011608334039,0.6750470424748475,0.005390577820264935,abtype1_w75_t0.528
PA2_L2,737.0,0.432293080054274,0.008828927264584775,647.9,0.1464165449142456,0.567706919945726,0.008828927264584781,0.7574615743491768,0.006105486371950495,0.5929890557717724,0.004357594416069393,0.5929890557717724,0.004357594416069393,0.6701930712221176,0.004369726634675625,0.1764730591352537,0.009115739430152028,0.3093877600336915,0.009452121424367623,0.432293080054274,0.008828927264584775,0.6752253150604746,0.004447261221476969,abtype1_w75_t0.528
PA2_L2,804.0,0.42898009950248756,0.007924164396117648,705.5,0.16019744873046876,0.5710199004975125,0.007924164396117652,0.759317681825587,0.0052159180471671035,0.5942378601146648,0.0034021986901936994,0.5942378601146648,0.0034021986901936994,0.6717222181351359,0.003672491723458039,0.17964243932459706,0.00751473996060128,0.31261220021244696,0.0077091196133832664,0.42898009950248756,0.007924164396117648,0.676777770970126,0.0037617492661262968,abtype1_w75_t0.528
PA2_L2,871.0,0.4296211251435132,0.0060491113076094165,763.6,0.1723043441772461,0.5703788748564868,0.006049111307609415,0.7592045357429374,0.004447795277531553,0.5939153230644278,0.002807883031986836,0.5939153230644278,0.002807883031986836,0.6714904409833653,0.002997303586205847,0.17888936368540823,0.005845631685309618,0.3120170990233603,0.006260746409583936,0.4296211251435132,0.0060491113076094165,0.6765599294036828,0.003084038590279641,abtype1_w75_t0.528
PA2_L2,938.0,0.4277185501066098,0.005152684850146934,819.95,0.18579832315444947,0.5722814498933901,0.005152684850146948,0.7603946653492547,0.0038527681283278084,0.5943372030337958,0.0023867217781632067,0.5943372030337958,0.0023867217781632067,0.672256504307044,0.0027231720547476303,0.18026958410933433,0.0051514262241870315,0.3134473136681627,0.0056513524732572295,0.4277185501066098,0.005152684850146934,0.6773659341915252,0.002797746880947667,abtype1_w75_t0.528
PA2_L2,1000.0,0.42794999999999994,0.004432550056118942,873.65,0.19791603088378906,0.57205,0.004432550056118942,0.7604722222222222,0.00333923089392797,0.5940543729906452,0.001154903286585042,0.5940543729906452,0.001154903286585042,0.67213180940596,0.0021281594547860366,0.17975062089383376,0.0032151932856974326,0.31304022795736314,0.003926622804173156,0.42794999999999994,0.004432550056118942,0.6772632976064337,0.002246248122100214,abtype1_w75_t0.528
OGD_1,67.0,0.5,0.08423254363894006,40.0,0.001278841495513916,0.5,0.08423254363894006,0.5348446035802635,0.19943694587536615,0.5113868127164483,0.07980558084863697,0.5113868127164483,0.07980558084863697,0.5186427778925862,0.1410880996679078,0.018113757658894624,0.15634818462631792,0.03999751558447062,0.24803648494890074,0.5,0.08423254363894006,0.523115708148356,0.13866455722692397,abtype1_w75_t0.528
OGD_1,134.0,0.48582089552238805,0.054170058041670174,81.15,0.010234189033508301,0.514179104477612,0.054170058041670154,0.5949066816537263,0.1712444220127773,0.5374308271859302,0.06092212474792589,0.5374308271859302,0.06092212474792589,0.5624540033058808,0.11661972370424525,0.06662453250163967,0.11769577032916022,0.11876593318266335,0.20257911689659097,0.48582089552238805,0.054170058041670174,0.5661687544198283,0.1156536952483862,abtype1_w75_t0.528
OGD_1,201.0,0.46691542288557225,0.049758084106874365,119.65,0.024966371059417725,0.533084577114428,0.04975808410687436,0.6224057143236402,0.17067877828490285,0.5464355156244186,0.05833675629131107,0.5464355156244186,0.05833675629131107,0.5801564243256652,0.11535584446219073,0.08636791046635282,0.11555751732334366,0.15043015366196608,0.19809618654791203,0.46691542288557225,0.049758084106874365,0.5844206149740294,0.1141294689149408,abtype1_w75_t0.528
OGD_1,268.0,0.46791044776119406,0.04510760383093113,159.55,0.035664033889770505,0.532089552238806,0.045107603830931126,0.639824728304299,0.15365755974728632,0.5483477105162404,0.05410786896930038,0.5483477105162404,0.05410786896930038,0.5901862394281518,0.10355744736698246,0.0897897845642325,0.10703058938173367,0.1640075954174318,0.1814728615147461,0.46791044776119406,0.04510760383093113,0.5940862194102698,0.10360181174602172,abtype1_w75_t0.528
OGD_1,335.0,0.4613432835820895,0.04379497179433359,199.75,0.052194607257843015,0.5386567164179105,0.04379497179433357,0.6587392663657065,0.13988648336301213,0.55681407735972,0.05006492212010946,0.55681407735972,0.05006492212010946,0.6039606875958926,0.09456284241758774,0.10624407281027812,0.09879976825399499,0.18965864321958423,0.16662978398485886,0.4613432835820895,0.04379497179433359,0.6077766718627134,0.09474362467374399,abtype1_w75_t0.528
OGD_1,402.0,0.459950248756219,0.03746982152427819,241.3,0.0655105710029602,0.5400497512437811,0.03746982152427819,0.670680689677983,0.12186706324532647,0.5613303775881737,0.043462064689160626,0.5613303775881737,0.043462064689160626,0.6124297892251173,0.08143186584061433,0.11432404812582582,0.0847378501380182,0.2043713032321491,0.1449683341330132,0.459950248756219,0.03746982152427819,0.6160055336330783,0.08245670625276331,abtype1_w75_t0.528
OGD_1,469.0,0.45788912579957347,0.02825361058133056,282.7,0.0779383659362793,0.5421108742004264,0.028253610581330562,0.6838909578271376,0.10013797601234453,0.5643433176200493,0.03563479207726664,0.5643433176200493,0.03563479207726664,0.6205503209188323,0.06609001566560622,0.12053992135964668,0.06814012103234873,0.21729803537483142,0.11880815115322829,0.45788912579957347,0.02825361058133056,0.6241171377235935,0.06763883964019973,abtype1_w75_t0.528
OGD_1,536.0,0.4556902985074626,0.02394228128304217,324.85,0.09232745170593262,0.5443097014925374,0.023942281283042148,0.6944374174745047,0.08401945529501106,0.567473224301438,0.02941346406003258,0.567473224301438,0.02941346406003258,0.6272923005282154,0.05483305056212574,0.1269190295745517,0.05539988527939625,0.22891262731799472,0.09892876450358529,0.4556902985074626,0.02394228128304217,0.6309553208879712,0.05652372835433471,abtype1_w75_t0.528
OGD_1,603.0,0.45447761194029856,0.020795748792803322,367.7,0.10590018033981323,0.5455223880597014,0.020795748792803336,0.7010272408380707,0.07468368293634076,0.5706484530397518,0.026436371046358573,0.5706484530397518,0.026436371046358573,0.6321395147064919,0.048724031478080236,0.13269105512896143,0.04908295894152613,0.23819867816205234,0.08836057465606587,0.45447761194029856,0.020795748792803322,0.6358378469389112,0.05036146284305001,abtype1_w75_t0.528
OGD_1,670.0,0.45208955223880604,0.02075593031763241,410.25,0.11918171644210815,0.547910447761194,0.02075593031763241,0.7067655962325292,0.06873970435562331,0.5729934919775126,0.024559823262321076,0.5729934919775126,0.024559823262321076,0.6360948149401896,0.04490126442412369,0.13755731888632822,0.04551844377905912,0.24559875084001326,0.08181702590816567,0.45208955223880604,0.02075593031763241,0.6398795441050208,0.046501699337878115,abtype1_w75_t0.528
OGD_1,737.0,0.45142469470827684,0.020112100206862653,454.0,0.1329997181892395,0.5485753052917233,0.020112100206862646,0.710768501108441,0.06333171561641843,0.5750475536060432,0.023279007650432074,0.5750475536060432,0.023279007650432074,0.6390950023757054,0.04167704872147993,0.1413319716898486,0.043166228121032595,0.25145428044367407,0.07652600358392711,0.45142469470827684,0.020112100206862653,0.6429080273572421,0.04318633990711685,abtype1_w75_t0.528
OGD_1,804.0,0.44782338308457714,0.02049211924290818,496.3,0.14690929651260376,0.5521766169154229,0.020492119242908172,0.7154557136412342,0.060616964532841516,0.577287454788442,0.02259925354878028,0.577287454788442,0.02259925354878028,0.6424735059352865,0.04003034582096919,0.14615283288355077,0.04216019348442014,0.25801065756740144,0.07377466627226896,0.44782338308457714,0.02049211924290818,0.6463715842148382,0.04149456469585727,abtype1_w75_t0.528
OGD_1,871.0,0.4480482204362802,0.01908369484142778,540.55,0.1596744179725647,0.5519517795637199,0.01908369484142778,0.7181031110621312,0.05607348508202475,0.5781997951842991,0.020834732945557943,0.5781997951842991,0.020834732945557943,0.6442012883055472,0.036981444753437676,0.14758713370278745,0.038705343029733524,0.2611466126216556,0.06817875523715076,0.4480482204362802,0.01908369484142778,0.6481514531232152,0.03837327381345247,abtype1_w75_t0.528
OGD_1,938.0,0.44813432835820893,0.016934775903550067,586.6,0.17494500875473024,0.5518656716417911,0.016934775903550074,0.7206711372556154,0.050810496822554,0.5795709600059177,0.018872832912809636,0.5795709600059177,0.018872832912809636,0.6461516109263298,0.033497021089362616,0.1497428773621727,0.0347587344081571,0.2650017699044883,0.06185213272500635,0.44813432835820893,0.016934775903550067,0.6501210486307664,0.03480543823537971,abtype1_w75_t0.528
OGD_1,1000.0,0.44770000000000004,0.015352849898308783,628.65,0.1873452067375183,0.5523,0.015352849898308764,0.7232777777777777,0.04600654140284675,0.5808710014636546,0.016739165965857235,0.5808710014636546,0.016739165965857235,0.6480684154424913,0.030138604309439116,0.15198019682004538,0.03064085447202994,0.26874970560563244,0.05549831987971274,0.44770000000000004,0.015352849898308783,0.6520743896207162,0.03137132619304001,abtype1_w75_t0.528
OGD_2,67.0,0.4723880597014925,0.07466789916665154,51.05,0.0012885332107543945,0.5276119402985076,0.07466789916665152,0.6249413451208896,0.195854883683835,0.5463449525843092,0.07171855129548554,0.5463449525843092,0.07171855129548554,0.5798506930167637,0.13429160638227652,0.0838463324946034,0.14111664194108028,0.1498666728579599,0.22806058822843814,0.4723880597014925,0.07466789916665154,0.5856431488525994,0.13148926800327168,abtype1_w75_t0.528
OGD_2,134.0,0.46940298507462686,0.06458134966065653,100.8,0.01013883352279663,0.5305970149253731,0.06458134966065653,0.6409445258934227,0.1826892581675606,0.5488217256187939,0.06916146580369291,0.5488217256187939,0.06916146580369291,0.5898480119203128,0.12702251273568982,0.08947323990131222,0.13840456531573758,0.16485067870990808,0.22251591928800288,0.46940298507462686,0.06458134966065653,0.5948831257561082,0.1252406720723152,abtype1_w75_t0.528
OGD_2,201.0,0.46268656716417905,0.052203257271939,151.2,0.025685155391693117,0.5373134328358209,0.052203257271939,0.6570664567806801,0.1741763571603759,0.5573532548832472,0.062087177308143005,0.5573532548832472,0.062087177308143005,0.6021900261246957,0.11948387200359889,0.10554270658450089,0.12303187876681711,0.1894558102234884,0.20713272454357157,0.46268656716417905,0.052203257271939,0.6072098558319636,0.11787112742651468,abtype1_w75_t0.528
OGD_2,268.0,0.4552238805970149,0.04769701845156654,203.05,0.03788061141967773,0.5447761194029851,0.04769701845156655,0.6685996991318927,0.16569967759943974,0.5657148206919708,0.05996008849807006,0.5657148206919708,0.05996008849807006,0.6124478777210607,0.11382763707401458,0.12146408592795913,0.11810929756950682,0.2102587892990265,0.19839036625380863,0.4552238805970149,0.04769701845156654,0.6171572599119317,0.11255703590271017,abtype1_w75_t0.528
OGD_2,335.0,0.4495522388059701,0.04018668842399144,254.8,0.05367618799209595,0.5504477611940299,0.04018668842399145,0.6817165695361184,0.15148086098078503,0.5691615409961505,0.05344032526393487,0.5691615409961505,0.05344032526393487,0.6208017369021397,0.10302884709714465,0.1290792277935819,0.1057408443334093,0.2240262527019315,0.17915070900031219,0.4495522388059701,0.04018668842399144,0.6254390552661343,0.10223513691239311,abtype1_w75_t0.528
OGD_2,402.0,0.44639303482587056,0.032855366939878186,306.75,0.06557297706604004,0.5536069651741296,0.032855366939878186,0.6955623924812855,0.12187663468424756,0.5732240102991771,0.0447677684239356,0.5732240102991771,0.0447677684239356,0.6303775336249181,0.0819429799121895,0.13747742988571263,0.08714710071160556,0.23908081717568047,0.14706972741315819,0.44639303482587056,0.032855366939878186,0.6343932013902313,0.08308566786853167,abtype1_w75_t0.528
OGD_2,469.0,0.445095948827292,0.029195325148309293,358.65,0.07895058393478394,0.5549040511727078,0.029195325148309283,0.7055793302382876,0.10183130509452494,0.5751631823680167,0.0375824863268047,0.5751631823680167,0.0375824863268047,0.6363920661846135,0.06790277439083689,0.14210221241296095,0.07253777523288629,0.2484568272954495,0.1233157510152237,0.445095948827292,0.029195325148309293,0.6403712563031521,0.06954647607041842,abtype1_w75_t0.528
OGD_2,536.0,0.4440298507462687,0.02767238241453606,411.6,0.09269648790359497,0.5559701492537313,0.027672382414536054,0.71268757046858,0.08804399963949948,0.5785689353544035,0.033353590669841206,0.5785689353544035,0.033353590669841206,0.6416902483563538,0.05889803624473256,0.14852328209090593,0.06347083304782607,0.25840219204642845,0.10796624257670975,0.4440298507462687,0.02767238241453606,0.6456282529114917,0.06053333199299297,abtype1_w75_t0.528
OGD_2,603.0,0.44477611940298506,0.025088092061381177,465.5,0.10474977493286133,0.555223880597015,0.025088092061381167,0.71747946133692,0.07753705015772071,0.5800854628262695,0.029352847217255937,0.5800854628262695,0.029352847217255937,0.6448035270381596,0.05170826266390395,0.15117404072688026,0.05521501432215504,0.26384215900385627,0.0950725956313612,0.44477611940298506,0.025088092061381177,0.6487824620815947,0.05330440602830294,abtype1_w75_t0.528
OGD_2,670.0,0.4435820895522388,0.02250516635817405,519.75,0.11721186637878418,0.5564179104477613,0.02250516635817405,0.7220842994703067,0.06930462162155138,0.5808792469176108,0.02589071848728198,0.5808792469176108,0.02589071848728198,0.6473868987767467,0.04591749166981061,0.15303223100718433,0.04856507545395832,0.267974907120984,0.08447015670488767,0.4435820895522388,0.02250516635817405,0.6514817731939588,0.047492939489073176,abtype1_w75_t0.528
OGD_2,737.0,0.4432157394843962,0.020641440122539923,574.75,0.1302572965621948,0.5567842605156037,0.02064144012253992,0.7256248274329306,0.0616908803263529,0.5821284093206133,0.022902057933914755,0.5821284093206133,0.022902057933914755,0.6497285793315093,0.04071552346578389,0.15527286791669012,0.04284351255647491,0.2722022394008276,0.07496259042364838,0.4432157394843962,0.020641440122539923,0.6538766183767718,0.042209528430688696,abtype1_w75_t0.528
OGD_2,804.0,0.44160447761194027,0.019214203933063865,628.35,0.14237453937530517,0.5583955223880597,0.019214203933063848,0.7287274589815381,0.0578589227439623,0.5827370038388603,0.021295583157899832,0.5827370038388603,0.021295583157899832,0.6514825293642581,0.03804302137032712,0.15688728453771988,0.03987855499821141,0.2750912787452688,0.07002066041415725,0.44160447761194027,0.019214203933063865,0.6557322314101992,0.0395024042394296,abtype1_w75_t0.528
OGD_2,871.0,0.44052812858783,0.017996715904486583,682.9,0.15493063926696776,0.5594718714121699,0.01799671590448659,0.7313533965898024,0.053079182611099535,0.5842470678906235,0.019653345404745785,0.5842470678906235,0.019653345404745785,0.6535299875776805,0.03490353189642647,0.1596488372395187,0.036669732246895986,0.2791707659943107,0.06435494745403326,0.44052812858783,0.017996715904486583,0.657800232240213,0.03626603410092088,abtype1_w75_t0.528
OGD_2,938.0,0.4403518123667377,0.016496898986747752,738.25,0.16678473949432374,0.5596481876332622,0.016496898986747766,0.7330822572621459,0.04934013757569227,0.5842599747014783,0.01810064326597683,0.5842599747014783,0.01810064326597683,0.6543331345250883,0.03237974560131817,0.159745605717522,0.033709313531686005,0.28027010317402345,0.059710977132412565,0.4403518123667377,0.016496898986747752,0.6586711159818122,0.0336950961703974,abtype1_w75_t0.528
OGD_2,1000.0,0.44095000000000006,0.014596146751797202,790.95,0.1781290054321289,0.5590499999999998,0.014596146751797172,0.7343611111111112,0.0450984091997232,0.5847845716820879,0.016365851835774176,0.5847845716820879,0.016365851835774176,0.655218353103463,0.029494495740001906,0.16038457655392402,0.03022599992191528,0.28192304798494694,0.05433315303536346,0.44095000000000006,0.014596146751797202,0.6595728413965994,0.030731266739316747,abtype1_w75_t0.528
Gaussian_Kernel_OGD,67.0,0.7679104477611941,0.16133734646041212,63.2,0.004085445404052734,0.232089552238806,0.16133734646041215,0.4843934002926691,0.06515890979058062,0.4043930174709372,0.16267132081240368,0.4043930174709372,0.16267132081240368,0.42970281729842374,0.13127780079871731,-0.002776862118678158,0.03509959745450428,-0.08473833236650848,0.15086440338108714,0.7679104477611941,0.16133734646041212,0.4443932088818031,0.10331235274487917,abtype1_w75_t0.528
Gaussian_Kernel_OGD,134.0,0.8246268656716419,0.08588576393340512,124.4,0.02029762268066406,0.1753731343283582,0.08588576393340513,0.4966233212493914,0.05404866810281595,0.4528652887553095,0.07699209208130968,0.4528652887553095,0.07699209208130968,0.47335636441406576,0.06331465254049186,0.0007205108193702626,0.02533204349218848,-0.042406556243373486,0.10735192503479346,0.8246268656716419,0.08588576393340512,0.4747443050023506,0.06162811680057722,abtype1_w75_t0.528
Gaussian_Kernel_OGD,201.0,0.835820895522388,0.07510625460937644,185.65,0.03792352676391601,0.16417910447761194,0.07510625460937644,0.5027684042674048,0.041759867202782755,0.45466632306966004,0.0741539250725872,0.45466632306966004,0.0741539250725872,0.4771989049484606,0.05644894119275437,0.0021215290310904744,0.01802260679662307,-0.02900814218785473,0.0889392174232013,0.835820895522388,0.07510625460937644,0.4787173636685324,0.054473671063019674,abtype1_w75_t0.528
Gaussian_Kernel_OGD,268.0,0.8432835820895523,0.05090241560532823,246.6,0.05467994213104248,0.15671641791044777,0.05090241560532823,0.5006918285289877,0.03325001111200226,0.46515337793330236,0.061918450615577436,0.46515337793330236,0.061918450615577436,0.4820193639674296,0.04648311048469168,0.00042795433658366353,0.013892923465640536,-0.02370016050213145,0.07590307416161313,0.8432835820895523,0.05090241560532823,0.482922603231145,0.04513635086506282,abtype1_w75_t0.528
Gaussian_Kernel_OGD,335.0,0.8511940298507463,0.04607349306487332,307.65,0.07193635702133179,0.14880597014925373,0.04607349306487333,0.5007185106626737,0.026943223912972387,0.4650835001276197,0.05972941305636578,0.4650835001276197,0.05972941305636578,0.4819732898628897,0.04259185824534146,0.0004836154497879941,0.011579697289338279,-0.021530774638636833,0.06619424660094383,0.8511940298507463,0.04607349306487332,0.48290100539514674,0.04112888924955547,abtype1_w75_t0.528
Gaussian_Kernel_OGD,402.0,0.8544776119402986,0.04008372836416652,369.4,0.08814460039138794,0.1455223880597015,0.04008372836416652,0.502366451684503,0.022631142165239183,0.4744634013316541,0.052694473113124016,0.4744634013316541,0.052694473113124016,0.48780702431357426,0.03707698098396351,0.0012397635026589915,0.00979943217378091,-0.012462393005116654,0.05921625353286691,0.8544776119402986,0.04008372836416652,0.48841492650807855,0.03619625777336921,abtype1_w75_t0.528
Gaussian_Kernel_OGD,469.0,0.8626865671641791,0.03467294506670115,431.25,0.10479363203048705,0.13731343283582087,0.03467294506670113,0.5017842270924596,0.01934265428384399,0.4738955788760947,0.05292247397947195,0.4738955788760947,0.05292247397947195,0.4871831383501288,0.03581707743271774,0.000899102051435502,0.008242534067296517,-0.012474060967096853,0.05482589880602825,0.8626865671641791,0.03467294506670115,0.487839902984277,0.03481673321158424,abtype1_w75_t0.528
Gaussian_Kernel_OGD,536.0,0.8666044776119403,0.02941318767605947,492.95,0.12136452198028565,0.13339552238805968,0.02941318767605948,0.5013749125125724,0.01717699271819089,0.47409146788289236,0.0526352789942592,0.47409146788289236,0.0526352789942592,0.4870633373698232,0.034708326366147825,0.000627413698654955,0.0071659349657942645,-0.011971529408260748,0.05162723901754301,0.8666044776119403,0.02941318767605947,0.48773319019773237,0.033693880253312915,abtype1_w75_t0.528
Gaussian_Kernel_OGD,603.0,0.8679104477611942,0.02775623530392799,552.95,0.1379612922668457,0.13208955223880597,0.027756235303927977,0.5019784843003718,0.015733182876311376,0.47685184827773996,0.053180887601898555,0.47685184827773996,0.053180887601898555,0.48874812838057907,0.034382296729366726,0.0009976959084509129,0.006731936481838116,-0.008568440894391533,0.0499341362199908,0.8679104477611942,0.02775623530392799,0.4894151662890559,0.033356987381859354,abtype1_w75_t0.528
Gaussian_Kernel_OGD,670.0,0.8679850746268656,0.02735245153609689,613.7,0.155517578125,0.13201492537313433,0.027352451536096885,0.5021374707431409,0.015008011320568324,0.47853611996514145,0.045079373544082285,0.47853611996514145,0.045079373544082285,0.48986027968070706,0.029558161527342156,0.000960385686680193,0.006568955426672513,-0.007662123190696151,0.044059329756520715,0.8679850746268656,0.02735245153609689,0.490336795354141,0.02893576286075076,abtype1_w75_t0.528
Gaussian_Kernel_OGD,737.0,0.8689959294436905,0.024750838292429314,674.65,0.17061116695404052,0.1310040705563094,0.02475083829242931,0.5015872728825923,0.013711071147099938,0.4797313008158947,0.043375181670688316,0.4797313008158947,0.043375181670688316,0.4902148748045616,0.028025961496737545,0.0007406223229668052,0.006018711574089653,-0.007485410271369791,0.041123390253840666,0.8689959294436905,0.024750838292429314,0.4906592868492437,0.027419546251611082,abtype1_w75_t0.528
Gaussian_Kernel_OGD,804.0,0.8722014925373134,0.023071636421548865,736.55,0.18653883934020996,0.12779850746268656,0.023071636421548847,0.5013622708558947,0.012676619416180632,0.4800898198603236,0.04251924537731681,0.4800898198603236,0.04251924537731681,0.49029252806702006,0.027136772041994488,0.0006562203711578341,0.00560946082591301,-0.007271684494857963,0.03918687373351026,0.8722014925373134,0.023071636421548865,0.4907260453581091,0.026538054081631353,abtype1_w75_t0.528
Gaussian_Kernel_OGD,871.0,0.8714695752009185,0.021480546936509425,798.5,0.2015394687652588,0.1285304247990815,0.021480546936509415,0.5023223305473433,0.012067415247479936,0.48986947470202136,0.034993995740423695,0.48986947470202136,0.034993995740423695,0.49588812808009425,0.0232417776762997,0.0010533866134923408,0.005233796843501428,-0.0014720661618754253,0.03735084636020519,0.8714695752009185,0.021480546936509425,0.49609590262468234,0.022999355733696422,abtype1_w75_t0.528
Gaussian_Kernel_OGD,938.0,0.8735607675906183,0.02005398218512153,859.8,0.2157956838607788,0.12643923240938165,0.02005398218512153,0.5019813484195657,0.011010503292128786,0.4896188288864133,0.03415743363098814,0.4896188288864133,0.03415743363098814,0.49559266416335196,0.022310694409824184,0.0009000380977261469,0.004728540571979408,-0.001902450383993276,0.03514896159047249,0.8735607675906183,0.02005398218512153,0.4958000886529894,0.022071663383939042,abtype1_w75_t0.528
Gaussian_Kernel_OGD,1000.0,0.87415,0.018458805486813078,917.45,0.23014230728149415,0.12585000000000002,0.01845880548681306,0.5016944444444442,0.010056131045533273,0.4894734381480429,0.03588826390026467,0.4894734381480429,0.03588826390026467,0.49533006227304355,0.02273981318189352,0.0007586767818102746,0.004224333324070588,-0.002186896181431179,0.03369467435627322,0.87415,0.018458805486813078,0.49558394129624367,0.022331722970474678,abtype1_w75_t0.528
OGD,67.0,0.4835820895522388,0.06304093158788919,50.95,0.0009833455085754394,0.5164179104477612,0.06304093158788919,0.5380565783979013,0.1899416896099474,0.512529814636719,0.062325398458492005,0.512529814636719,0.062325398458492005,0.5207833519968376,0.12663553567372973,0.021918999854234407,0.12924011540209235,0.0429135482875851,0.21445996305573206,0.4835820895522388,0.06304093158788919,0.5252931965173102,0.12542521794786018,abtype1_w75_t0.528
OGD,134.0,0.4880597014925372,0.04554073523102197,101.4,0.009838151931762695,0.5119402985074628,0.04554073523102196,0.5818746197717514,0.1621381589290682,0.5279870072298587,0.05378971890923617,0.5279870072298587,0.05378971890923617,0.5513704525573803,0.1082566904368781,0.04955209288982981,0.10673864534547557,0.09534055629025519,0.18466854695304688,0.4880597014925372,0.04554073523102197,0.5549308135008051,0.10746559012539435,abtype1_w75_t0.528
OGD,201.0,0.476865671641791,0.04216472944650304,151.85,0.025480282306671143,0.523134328358209,0.04216472944650302,0.6255511326454519,0.14296795138308552,0.5438570660329225,0.04950569642699502,0.5438570660329225,0.04950569642699502,0.5812626547200297,0.09611702081521398,0.0800098771361047,0.09572465574665195,0.147665850690684,0.1667255860188302,0.476865671641791,0.04216472944650304,0.5847040993391872,0.09575927202924187,abtype1_w75_t0.528
OGD,268.0,0.4720149253731343,0.03900101671710238,203.9,0.03847813606262207,0.5279850746268658,0.03900101671710238,0.6474656041182509,0.13388824211037492,0.5503151218655401,0.04700309627094515,0.5503151218655401,0.04700309627094515,0.5951629919597934,0.09042778463744686,0.09269225947505275,0.09009266246737502,0.1714073009622261,0.15698015843138133,0.4720149253731343,0.03900101671710238,0.5988903629918954,0.08987139315744463,abtype1_w75_t0.528
OGD,335.0,0.46731343283582094,0.03575211057488976,255.95,0.05326999425888061,0.5326865671641792,0.035752110574889764,0.6662089295288071,0.12178432265021766,0.5551045028030454,0.04320098574771152,0.5551045028030454,0.04320098574771152,0.6067247361481715,0.08240251828837852,0.10274532108378416,0.08303571782328957,0.19069895267538534,0.1436223056566961,0.46731343283582094,0.03575211057488976,0.6106567161659263,0.08197065661494482,abtype1_w75_t0.528
OGD,402.0,0.4675373134328359,0.033313603353760345,308.35,0.06958522796630859,0.5324626865671642,0.03331360335376036,0.6754473772038408,0.11310096153176748,0.5575543469724012,0.0397697989494902,0.5575543469724012,0.0397697989494902,0.6124888182535537,0.0762829495105611,0.10686746140709387,0.07641886817445341,0.20042632327103402,0.1329375946609266,0.4675373134328359,0.033313603353760345,0.616500862088121,0.07599260412863693,abtype1_w75_t0.528
OGD,469.0,0.46215351812366745,0.030564680581310785,362.1,0.08352780342102051,0.5378464818763327,0.030564680581310785,0.6888736745168188,0.09645527625100692,0.5633058637441343,0.03358567322505632,0.5633058637441343,0.03358567322505632,0.6221599365179344,0.06414684514068078,0.1184325780461966,0.06411303617382823,0.2183335972869686,0.11297159453525035,0.46215351812366745,0.030564680581310785,0.6260897691304764,0.06468010898463979,abtype1_w75_t0.528
OGD,536.0,0.459794776119403,0.029625285447913412,416.1,0.09936816692352295,0.540205223880597,0.02962528544791341,0.69805859441746,0.08238421697118883,0.568789971726526,0.02964136382434378,0.568789971726526,0.02964136382434378,0.6296242967272344,0.05463751021633366,0.1284832681469731,0.05584761003568544,0.23314478621260531,0.09795114385000366,0.459794776119403,0.029625285447913412,0.6334242830719929,0.05566044015905886,abtype1_w75_t0.528
OGD,603.0,0.4567164179104477,0.026453027371927583,469.65,0.11502182483673096,0.5432835820895523,0.026453027371927573,0.70441596422375,0.07657455618445808,0.5730509370353796,0.0273753976668189,0.5730509370353796,0.0273753976668189,0.6349322487212622,0.05067206923258107,0.1363161976424528,0.05144596068172284,0.24418182965443808,0.09092803646045049,0.4567164179104477,0.026453027371927583,0.6387334506295648,0.05170555207896691,abtype1_w75_t0.528
OGD,670.0,0.4546268656716418,0.02435809920958596,524.1,0.12820669412612914,0.5453731343283581,0.024358099209585954,0.7094902045607807,0.07088537246319343,0.5744564731207996,0.024821233263049094,0.5744564731207996,0.024821233263049094,0.6380717727607281,0.04651420333014855,0.13941272340673788,0.04691145253556474,0.24965891633639972,0.08350870225551724,0.4546268656716418,0.02435809920958596,0.6419733388407903,0.04768821921967786,abtype1_w75_t0.528
OGD,737.0,0.44966078697421985,0.021774834248831174,577.4,0.14394984245300294,0.55033921302578,0.021774834248831174,0.7157113129854458,0.062564147543859,0.5770711100918259,0.022397819747408863,0.5770711100918259,0.022397819747408863,0.6424225116369932,0.04107473128418129,0.1451319447811316,0.042030087832747524,0.2577886153217327,0.07453490248307519,0.44966078697421985,0.021774834248831174,0.6463912115386358,0.042340657540503666,abtype1_w75_t0.528
OGD,804.0,0.4468905472636816,0.019281014133139544,631.0,0.1613094687461853,0.5531094527363184,0.01928101413313953,0.7202052143617469,0.0567423714233003,0.5792090874069676,0.020365233534373393,0.5792090874069676,0.020365233534373393,0.6456815285089249,0.037209290753783646,0.14946289044573585,0.038122453251473176,0.2640819921815244,0.06774044709103266,0.4468905472636816,0.019281014133139544,0.6497071508843574,0.03845115307529108,abtype1_w75_t0.528
OGD,871.0,0.446727898966705,0.018738758057614005,685.7,0.1731293559074402,0.553272101033295,0.018738758057613995,0.7227374638933577,0.05333090402779364,0.5796608792063974,0.018945408118470713,0.5796608792063974,0.018945408118470713,0.6470936486605582,0.0348648241012655,0.15041968390944643,0.03557529106661594,0.2663822784342019,0.0634569139060348,0.446727898966705,0.018738758057614005,0.6511991715498775,0.036087873636577436,abtype1_w75_t0.528
OGD,938.0,0.4452025586353945,0.01894357596842749,739.75,0.18993759155273438,0.5547974413646055,0.01894357596842749,0.7255189523170749,0.050205405276991084,0.5809373448035359,0.018012754366099563,0.5809373448035359,0.018012754366099563,0.649076257969506,0.032876645022930924,0.1530201993399274,0.033783940803340726,0.2701906167267508,0.06006568223401825,0.4452025586353945,0.01894357596842749,0.6532281485603054,0.03407586905257087,abtype1_w75_t0.528
OGD,1000.0,0.4447,0.017076592165886032,792.5,0.2067476987838745,0.5553000000000001,0.017076592165886008,0.7273888888888889,0.046563410899201754,0.5823127194346058,0.016889008728304112,0.5823127194346058,0.016889008728304112,0.6507067467337586,0.030574576047616594,0.1553128874442207,0.03165765937493025,0.27361967210277394,0.05608349287156964,0.4447,0.017076592165886032,0.6548508041617473,0.03172513116690528,abtype1_w75_t0.528
PA,67.0,0.46268656716417916,0.04994985233039257,54.8,0.0016108393669128419,0.5373134328358208,0.04994985233039256,0.7107621569185275,0.04651248060899765,0.5697507216580806,0.019680253794677378,0.5697507216580806,0.019680253794677378,0.6360186576341711,0.025916260812366736,0.12881129837316582,0.03777217321531744,0.23945332938398217,0.04900905657916658,0.46268656716417916,0.04994985233039257,0.6402564392883041,0.02747267026150884,abtype1_w75_t0.528
PA,134.0,0.45335820895522394,0.039267845484793264,104.7,0.012290501594543457,0.5466417910447761,0.03926784548479326,0.7320274397628376,0.027323000335531734,0.582551771899918,0.011256499456658941,0.582551771899918,0.011256499456658941,0.6529040066862293,0.014664587757671214,0.15256062943006157,0.02289806112273919,0.2758862637380537,0.026890788000402822,0.45335820895522394,0.039267845484793264,0.6572896058313777,0.015675419157223494,abtype1_w75_t0.528
PA,201.0,0.4467661691542289,0.029416408953421853,154.25,0.030767321586608887,0.5532338308457712,0.029416408953421843,0.7402977748374543,0.020224057645689835,0.5877477798225506,0.012346012624438204,0.5877477798225506,0.012346012624438204,0.659535570177518,0.01162456075255893,0.16247582915326392,0.02173801089511631,0.28950471064766875,0.02418900909699872,0.4467661691542289,0.029416408953421853,0.6640227773300024,0.012137615941258345,abtype1_w75_t0.528
PA,268.0,0.4518656716417911,0.027391719630198437,201.85,0.0487787127494812,0.548134328358209,0.027391719630198434,0.7406773116771298,0.016645841113736615,0.5862053448872591,0.014321314875502691,0.5862053448872591,0.014321314875502691,0.6588810021348951,0.013190574983314394,0.1589824677699582,0.028018482420815848,0.2873124040842731,0.029646826157845897,0.4518656716417911,0.027391719630198437,0.6634413282821945,0.013233656786537523,abtype1_w75_t0.528
PA,335.0,0.44895522388059694,0.024386433749850868,248.9,0.06279670000076294,0.5510447761194031,0.024386433749850858,0.7439998641089998,0.013363016392220374,0.588001978149863,0.011166132450469712,0.588001978149863,0.011166132450469712,0.6613908989577265,0.010665086889588648,0.16285054242774732,0.023038581820795656,0.2926428233275159,0.023730879609983983,0.44895522388059694,0.024386433749850868,0.6660009211294314,0.010721469667241693,abtype1_w75_t0.528
PA,402.0,0.4477611940298508,0.023742865669631862,295.65,0.07897268533706665,0.5522388059701492,0.023742865669631852,0.7455478130177108,0.012757356960448576,0.5895083792513467,0.011810982950342365,0.5895083792513467,0.011810982950342365,0.6629314543169433,0.011121664431504485,0.1656343031116559,0.024382702774895487,0.2960695824770698,0.025251454685959,0.4477611940298508,0.023742865669631862,0.6675280961345287,0.011096088803777505,abtype1_w75_t0.528
PA,469.0,0.44594882729211094,0.020763200982648344,342.7,0.09652014970779418,0.5540511727078892,0.020763200982648333,0.7471925505291626,0.01241315461147038,0.5908816767811833,0.010182491241430084,0.5908816767811833,0.010182491241430084,0.664431399206563,0.00966576451916207,0.1682321792958925,0.02092919913431542,0.29938139755906473,0.02173405613808629,0.44594882729211094,0.020763200982648344,0.6690371136551729,0.009721339616931512,abtype1_w75_t0.528
PA,536.0,0.4499067164179104,0.01571240035608428,390.6,0.10976461172103882,0.5500932835820895,0.015712400356084268,0.7455895494026284,0.00877628058755885,0.5902681924817355,0.008349533346217797,0.5902681924817355,0.008349533346217797,0.6633821711729377,0.007252856029055887,0.16575706703206836,0.016289346402510348,0.29751306454672494,0.016867971368382834,0.4499067164179104,0.01571240035608428,0.667928870942182,0.007213951606557738,abtype1_w75_t0.528
PA,603.0,0.4503316749585406,0.014957354716497291,437.7,0.12733731269836426,0.5496683250414593,0.014957354716497295,0.7460747554753856,0.008258777874007805,0.5894621430453448,0.008148284330302269,0.5894621430453448,0.008148284330302269,0.6631455370323011,0.006946576674918054,0.16440587774927182,0.015845330676355848,0.2964753808429764,0.016419024513922534,0.4503316749585406,0.014957354716497291,0.6677684492603653,0.006882403415841975,abtype1_w75_t0.528
PA,670.0,0.4502985074626865,0.013866145582568967,484.25,0.14559179544448853,0.5497014925373135,0.013866145582568972,0.7465847269935684,0.007450908524362361,0.5893629554645047,0.007147252726136965,0.5893629554645047,0.007147252726136965,0.663323215551067,0.006527227342000947,0.16434976436041138,0.014559489250358347,0.29671466631537385,0.015040406255673901,0.4502985074626865,0.013866145582568967,0.6679738412290365,0.0064888908865983206,abtype1_w75_t0.528
PA,737.0,0.4510176390773406,0.013345521634666816,532.0,0.15748502016067506,0.5489823609226595,0.013345521634666811,0.7464015380514993,0.007037249061500066,0.5896487813354246,0.006766870758453743,0.5896487813354246,0.006766870758453743,0.6634057847112736,0.0064066373240595905,0.1645342819224872,0.014131877515363803,0.29711920880542075,0.014582789367067372,0.4510176390773406,0.013345521634666816,0.668025159693462,0.006371012413159141,abtype1_w75_t0.528
PA,804.0,0.4501243781094527,0.013014610620442799,579.65,0.17641600370407104,0.5498756218905473,0.013014610620442797,0.7471264775771,0.006686496112134389,0.5899879038617329,0.0061800507845556464,0.5899879038617329,0.0061800507845556464,0.6639199723234042,0.006002695959964325,0.16536496474610482,0.013226966406549438,0.29814712028139007,0.013512210220329614,0.4501243781094527,0.013014610620442799,0.6685571907194164,0.005984509685968994,abtype1_w75_t0.528
PA,871.0,0.448105625717566,0.01306067923820035,624.7,0.1930760622024536,0.551894374282434,0.013060679238200335,0.7485591504227929,0.0070453920964634225,0.5901887801571606,0.005399098857609704,0.5901887801571606,0.005399098857609704,0.6646700161226743,0.005755369220916346,0.1664288344649386,0.01222062025650746,0.29937803202776425,0.012423816193745153,0.448105625717566,0.01306067923820035,0.6693739652899767,0.005811052099660814,abtype1_w75_t0.528
PA,938.0,0.44909381663113007,0.012509628680918265,671.95,0.20859937667846679,0.5509061833688699,0.012509628680918273,0.7481681895672823,0.007221023039727117,0.5901321421965209,0.003873899049333852,0.5901321421965209,0.003873899049333852,0.6644651996082107,0.005104221907358066,0.16595809214137563,0.009822311181023757,0.2990903348167405,0.010223814270593498,0.44909381663113007,0.012509628680918265,0.6691501658819017,0.0052694056979076115,abtype1_w75_t0.528
PA,1000.0,0.44734999999999997,0.011611524447720031,713.4,0.22543830871582032,0.55265,0.011611524447720019,0.7492499999999999,0.006992665911024918,0.5905480518548385,0.0021828097439827066,0.5905480518548385,0.0021828097439827066,0.6651801130964025,0.004333140559878836,0.16719383013807848,0.007399379555976335,0.30045961878989674,0.007832600536902379,0.44734999999999997,0.011611524447720031,0.6698990259274192,0.004585963981405495,abtype1_w75_t0.528
PA1,67.0,0.47462686567164186,0.058495277439598294,63.25,0.001826775074005127,0.5253731343283582,0.05849527743959829,0.6205155883975259,0.14508585618182665,0.5478150329895755,0.05120361584047214,0.5478150329895755,0.05120361584047214,0.5806142055743166,0.09684301715511309,0.08712419451096547,0.09144915368426373,0.15083426060962343,0.16295240347336842,0.47462686567164186,0.058495277439598294,0.5841653106935507,0.09591536927792171,abtype1_w75_t0.528
PA1,134.0,0.4723880597014925,0.02957898683971107,121.4,0.011417770385742187,0.5276119402985076,0.029578986839711056,0.6886138750016635,0.06335738745112444,0.5686131213692105,0.032130684763283276,0.5686131213692105,0.032130684763283276,0.6254998829716636,0.045283276726901814,0.12325451685723128,0.055092176752220584,0.2255306418094043,0.0887955621529054,0.4723880597014925,0.02957898683971107,0.6286134981854369,0.046200993440842414,abtype1_w75_t0.528
PA1,201.0,0.46268656716417916,0.02660645165596206,175.65,0.02933039665222168,0.5373134328358209,0.02660645165596207,0.716351455972867,0.03249781869805164,0.5759704674494067,0.02093245241771139,0.5759704674494067,0.02093245241771139,0.6422493915504349,0.02419939956347397,0.1391243160106852,0.03635929497133488,0.25501201531417045,0.051035210839222495,0.46268656716417916,0.02660645165596206,0.6461609617111369,0.024695615233850634,abtype1_w75_t0.528
PA1,268.0,0.4557835820895521,0.016946831208012648,227.5,0.04816519021987915,0.5442164179104477,0.01694683120801264,0.7282840315801751,0.022590529202365015,0.5810917266003025,0.015150932121985034,0.5810917266003025,0.015150932121985034,0.6504829679932372,0.016656818796725755,0.14963815115460916,0.02661012214371001,0.2713157815778869,0.035473868589371495,0.4557835820895521,0.016946831208012648,0.6546878790902391,0.01696551314090525,abtype1_w75_t0.528
PA1,335.0,0.4513432835820895,0.021764449114696337,278.1,0.05899753570556641,0.5486567164179104,0.021764449114696348,0.7346107617424522,0.021599777623532067,0.5836828853236936,0.013673192969976773,0.5836828853236936,0.013673192969976773,0.654771412181057,0.015851898472186494,0.15547253677839237,0.02615400297007266,0.279705064008486,0.03294423492373059,0.4513432835820895,0.021764449114696337,0.6591468235330729,0.016185011442186214,abtype1_w75_t0.528
PA1,402.0,0.45534825870646756,0.01887066381773458,329.4,0.07744351625442505,0.5446517412935326,0.018870663817734588,0.7351235712001789,0.020194489644112117,0.5834016542280319,0.011457247266065652,0.5834016542280319,0.011457247266065652,0.6548461765632608,0.014074747601446367,0.15370034783920766,0.02217578365861877,0.27967547005500715,0.028594309072839212,0.45534825870646756,0.01887066381773458,0.6592626127141054,0.014471505498982731,abtype1_w75_t0.528
PA1,469.0,0.4528784648187634,0.01743192617140272,379.05,0.09625310897827148,0.5471215351812366,0.01743192617140273,0.7385493949369952,0.017970798190198242,0.5841524102740189,0.009497777197900004,0.5841524102740189,0.009497777197900004,0.6567998492999845,0.01210891785675481,0.15573632989948366,0.019175001568457282,0.2831006710065258,0.02410542225728491,0.4528784648187634,0.01743192617140272,0.6613509026055071,0.012526720499130596,abtype1_w75_t0.528
PA1,536.0,0.4530783582089552,0.016845630593857276,430.25,0.10840648412704468,0.5469216417910447,0.016845630593857287,0.7399956894099307,0.01622963067305993,0.5841565077421398,0.008387043018914589,0.5841565077421398,0.008387043018914589,0.6574492132379117,0.010751062593542674,0.15570303970423147,0.01752541973353296,0.2840051887282293,0.021374559819085353,0.4530783582089552,0.016845630593857276,0.6620760985760353,0.011149604595897405,abtype1_w75_t0.528
PA1,603.0,0.4524875621890548,0.012848659380480238,479.5,0.12565858364105226,0.5475124378109453,0.012848659380480233,0.7410663884704742,0.01398003382608373,0.5849701379698108,0.008447118533962473,0.5849701379698108,0.008447118533962473,0.658388680515668,0.009838753553236287,0.15701525687607076,0.01616693982229402,0.2860152919061281,0.020298342933755143,0.4524875621890548,0.012848659380480238,0.6630182632201426,0.010103112711769075,abtype1_w75_t0.528
PA1,670.0,0.4519402985074626,0.012982501031631424,529.6,0.14227445125579835,0.5480597014925375,0.01298250103163141,0.7421350416519414,0.012707412419922865,0.5856338477014075,0.007009861126239547,0.5856338477014075,0.007009861126239547,0.6592418758771572,0.008695546722586331,0.15819905361995845,0.013765582008504557,0.2878459853990252,0.017571674772697086,0.4519402985074626,0.012982501031631424,0.6638844446766745,0.008982531042990955,abtype1_w75_t0.528
PA1,737.0,0.4508819538670285,0.012310021543610924,580.0,0.16091151237487794,0.5491180461329714,0.012310021543610931,0.7432434584794101,0.011584048959846084,0.5868654661327779,0.005901455007196807,0.5868654661327779,0.005901455007196807,0.6604281625544431,0.007528498164333881,0.16038821248932367,0.011741953932155538,0.29060138003911334,0.014870555254596789,0.4508819538670285,0.012310021543610924,0.6650544623060941,0.007830266590108995,abtype1_w75_t0.528
PA1,804.0,0.4499378109452737,0.011206978414763749,629.7,0.17576535940170288,0.5500621890547264,0.011206978414763752,0.7443116415897874,0.010258447740666612,0.5875579328812865,0.004563167330627445,0.5875579328812865,0.004563167330627445,0.6612967785604627,0.006485852665839974,0.16179385637189897,0.009894387486526672,0.2924522635556398,0.012430087531033463,0.4499378109452737,0.011206978414763749,0.665934787235537,0.00679393811952011,abtype1_w75_t0.528
PA1,871.0,0.45028702640642937,0.010532578591209842,680.05,0.19173892736434936,0.5497129735935706,0.010532578591209837,0.7444612744867702,0.009265180684481853,0.5881910465354097,0.004051925924516266,0.5881910465354097,0.004051925924516266,0.6617209720732969,0.005793323440445849,0.16260302230007215,0.008956173496853147,0.29360932021027775,0.011034262719238285,0.45028702640642937,0.010532578591209842,0.6663261605110901,0.006077917861540548,abtype1_w75_t0.528
PA1,938.0,0.45031982942430704,0.00920432311051146,729.8,0.20875464677810668,0.5496801705756929,0.00920432311051145,0.7446857502379703,0.008508283703065144,0.588693543110092,0.003039696361527421,0.588693543110092,0.003039696361527421,0.6621064843700956,0.005270349689795103,0.16331911400592034,0.007121711774351283,0.2946162443314953,0.009683739102298267,0.45031982942430704,0.00920432311051146,0.6666896466740312,0.005563081087113573,abtype1_w75_t0.528
PA1,1000.0,0.4493499999999999,0.010475089498424354,775.15,0.22405192852020264,0.5506500000000001,0.01047508949842432,0.7454722222222222,0.008442388273059145,0.5891944163201173,0.002858931049560446,0.5891944163201173,0.002858931049560446,0.6627393172641695,0.005358399568846013,0.16443836250057334,0.007584164796716723,0.29593699384323396,0.009822370651601943,0.4493499999999999,0.010475089498424354,0.6673333192711699,0.005646589319373199,abtype1_w75_t0.528
PA2,67.0,0.45820895522388055,0.05953334529904218,58.3,0.0016817808151245116,0.5417910447761194,0.059533345299042174,0.7057298850521077,0.04603156370542055,0.575288117693396,0.02780295196337909,0.575288117693396,0.02780295196337909,0.6369733184016327,0.03272395198199265,0.13766678354946218,0.0501297812120841,0.2465486497910659,0.06634168637308883,0.45820895522388055,0.05953334529904218,0.6405090013727519,0.03356935145952245,abtype1_w75_t0.528
PA2,134.0,0.4384328358208955,0.035935373664660854,109.7,0.01157912015914917,0.5615671641791045,0.035935373664660854,0.7392283133805005,0.02462022019520447,0.5867521707731146,0.02013321316737985,0.5867521707731146,0.02013321316737985,0.6585108891553494,0.019717374992420687,0.1645813618830546,0.039269083072460076,0.28679369571217916,0.043472656274520946,0.4384328358208955,0.035935373664660854,0.6629902420768076,0.019840604794909393,abtype1_w75_t0.528
PA2,201.0,0.4355721393034826,0.031247385475143396,159.65,0.03371133804321289,0.5644278606965174,0.031247385475143382,0.7461519765882165,0.01405110109595169,0.5925849703537467,0.01789335622261292,0.5925849703537467,0.01789335622261292,0.664874429306814,0.013343890341577926,0.17422215156839335,0.03360582520312745,0.3007017444109883,0.03238567038523728,0.4355721393034826,0.031247385475143396,0.6693684734709815,0.012969619289920856,abtype1_w75_t0.528
PA2,268.0,0.4438432835820896,0.034248670487518486,210.25,0.053488636016845705,0.5561567164179104,0.0342486704875185,0.7445836279322636,0.017303157888825207,0.5915479751237662,0.01432183986137686,0.5915479751237662,0.01432183986137686,0.6636190536496189,0.01344414312043168,0.17013807066761677,0.030378417440712905,0.2985788267844606,0.029520357182615666,0.4438432835820896,0.034248670487518486,0.6680658015280149,0.013533534689622562,abtype1_w75_t0.528
PA2,335.0,0.44447761194029844,0.028112050247616715,259.9,0.0653681755065918,0.5555223880597014,0.02811205024761669,0.7462631264495981,0.01329428097631419,0.5904064113114352,0.013126460626865025,0.5904064113114352,0.013126460626865025,0.6637430088222416,0.011589592226508964,0.16819662627089557,0.0272151836829008,0.2978490156457454,0.02651961519911417,0.44447761194029844,0.028112050247616715,0.6683347688805167,0.011512753034193883,abtype1_w75_t0.528
PA2,402.0,0.4419154228855722,0.023615797120084464,308.85,0.08440662622451782,0.5580845771144278,0.023615797120084468,0.7484923074568447,0.012105862852936354,0.5914344107355034,0.009792263341992548,0.5914344107355034,0.009792263341992548,0.6653135931340628,0.008749848040314315,0.1703847656198623,0.019878218354805483,0.30106065365735335,0.01959578101158822,0.4419154228855722,0.023615797120084464,0.669963359096174,0.008827525623755366,abtype1_w75_t0.528
PA2,469.0,0.44136460554371004,0.023073081749968083,358.05,0.10390993356704711,0.55863539445629,0.023073081749968076,0.7497422044766714,0.011796671321056284,0.5918810307209194,0.009959385382979353,0.5918810307209194,0.009959385382979353,0.6661256615943391,0.009132073712000251,0.17142965550614037,0.02144728700179384,0.3025860676829112,0.020551605001080765,0.44136460554371004,0.023073081749968083,0.6708116175987954,0.009159106121305521,abtype1_w75_t0.528
PA2,536.0,0.44477611940298506,0.020736669635875386,407.4,0.11862878799438477,0.555223880597015,0.020736669635875376,0.748517669209482,0.011399345453404456,0.591023357743502,0.00825815426435735,0.591023357743502,0.00825815426435735,0.6651000445420945,0.007840537430671958,0.16878583280249027,0.017544886662373537,0.30051057586802965,0.01701508136592106,0.44477611940298506,0.020736669635875386,0.669770513476492,0.007974590424590576,abtype1_w75_t0.528
PA2,603.0,0.44535655058043117,0.01522163132778599,456.8,0.13578919172286988,0.5546434494195689,0.015221631327785999,0.7484827231482812,0.00817785857499093,0.5914599539217624,0.006676429870495326,0.5914599539217624,0.006676429870495326,0.6653380380914771,0.0056380032806272115,0.1691363734138011,0.012952080518384337,0.3012935580015776,0.012759538247750085,0.44535655058043117,0.01522163132778599,0.6699713385350219,0.0056859964489397175,abtype1_w75_t0.528
PA2,670.0,0.4464925373134328,0.017038965734694295,505.35,0.15578887462615967,0.5535074626865671,0.017038965734694298,0.7482060117365117,0.008784165396577247,0.5916388583496653,0.005104441598680002,0.5916388583496653,0.005104441598680002,0.6653226616045531,0.005785964396745509,0.16910288227811127,0.012257333081257846,0.30153291151292444,0.011791896219591463,0.4464925373134328,0.017038965734694295,0.6699224350430886,0.005982444203480537,abtype1_w75_t0.528
PA2,737.0,0.4456580732700136,0.014597830678690048,553.35,0.17282220125198364,0.5543419267299864,0.014597830678690055,0.7490987144208856,0.00754788881055716,0.5913876048580292,0.004127923233979937,0.5913876048580292,0.004127923233979937,0.6655790391834628,0.004580652968205244,0.1689932563945568,0.009593074660342829,0.301676987914476,0.009171452066413581,0.4456580732700136,0.014597830678690048,0.6702431596394575,0.004782804943832059,abtype1_w75_t0.528
PA2,804.0,0.44695273631840793,0.014367017662167643,602.45,0.19001694917678832,0.553047263681592,0.014367017662167646,0.7488197334950987,0.00780893669203325,0.5906807658795676,0.0036795402634106963,0.5906807658795676,0.0036795402634106963,0.6650580831812885,0.004632376665131725,0.16748227717048136,0.009096962758534008,0.30035650339766706,0.008934416083013918,0.44695273631840793,0.014367017662167643,0.6697502496873331,0.00487639652427881,abtype1_w75_t0.528
PA2,871.0,0.44701492537313436,0.01281192771370308,650.4,0.21223096847534179,0.5529850746268656,0.012811927713703071,0.7492298049029149,0.006735749134441972,0.5901006061039222,0.0029604103871473074,0.5901006061039222,0.0029604103871473074,0.6649180102231883,0.004293800300322486,0.16664661719509372,0.00833714854637179,0.29968167315005323,0.008225626118553129,0.44701492537313436,0.01281192771370308,0.6696652055034187,0.004500123825002679,abtype1_w75_t0.528
PA2,938.0,0.44648187633262254,0.012589891636020908,698.8,0.2315930724143982,0.5535181236673775,0.012589891636020931,0.7497454653781647,0.006826016740077746,0.5901313349295477,0.0031076998292708046,0.5901313349295477,0.0031076998292708046,0.6651652580258829,0.004584709133825406,0.16690925923003935,0.008774991238561784,0.30005155940045614,0.00887813357946193,0.44648187633262254,0.012589891636020908,0.6699384001538561,0.004778799685709351,abtype1_w75_t0.528
PA2,1000.0,0.44745000000000007,0.013540587136457564,744.55,0.24895682334899902,0.5525500000000001,0.013540587136457546,0.7491944444444444,0.0075143381463558,0.5905490204026913,0.0022936914585999957,0.5905490204026913,0.0022936914585999957,0.6651554959705266,0.004623417900518869,0.1671730677433856,0.00829611684939317,0.30042731948606904,0.008326779909702493,0.44745000000000007,0.013540587136457564,0.6698717324235679,0.004900393056556471,abtype1_w75_t0.528
PA1_Csplit,67.0,0.4708955223880597,0.059603464296255036,66.15,0.0022522807121276855,0.5291044776119403,0.05960346429625503,0.6773188698156123,0.0749241176763399,0.5728368233780419,0.04221734963816005,0.5728368233780419,0.04221734963816005,0.6225405100357964,0.05521632247764669,0.1316150710268694,0.07531204821352666,0.2246021398820238,0.10800281472001692,0.4708955223880597,0.059603464296255036,0.6250778465968272,0.056170735772411697,abtype1_w75_t0.528
PA1_Csplit,134.0,0.4529850746268657,0.04396656215419534,128.15,0.011852705478668213,0.5470149253731342,0.043966562154195324,0.723416205910034,0.03488324274999659,0.5832223274605843,0.02313088196105505,0.5832223274605843,0.02313088196105505,0.6494365178122361,0.02586458861510401,0.1537262140476984,0.04358288289618861,0.27112105606389536,0.05443690537499988,0.4529850746268657,0.04396656215419534,0.6533192666853092,0.026459624348067343,abtype1_w75_t0.528
PA1_Csplit,201.0,0.4524875621890548,0.036744417589000544,186.15,0.029259753227233887,0.5475124378109453,0.03674441758900053,0.7322036409692396,0.024071613468041545,0.585469207363392,0.022255703940458147,0.585469207363392,0.022255703940458147,0.6546724690709916,0.021282902938991516,0.15764829801603955,0.04268612438062686,0.28024814963682376,0.04807590693839579,0.4524875621890548,0.036744417589000544,0.6588364241663158,0.02125673865611456,abtype1_w75_t0.528
PA1_Csplit,268.0,0.4473880597014925,0.03312079527317746,240.65,0.04709879159927368,0.5526119402985075,0.033120795273177454,0.7400716407683984,0.020667815779008544,0.5868922243225299,0.016238475157886036,0.5868922243225299,0.016238475157886036,0.6590049202518765,0.016754797081332637,0.16194042497179767,0.0338997085757404,0.28812271257767696,0.0364747156356323,0.4473880597014925,0.03312079527317746,0.6634819325454642,0.01690177616544209,abtype1_w75_t0.528
PA1_Csplit,335.0,0.43985074626865667,0.026486124933439263,292.6,0.05885517597198486,0.5601492537313433,0.026486124933439253,0.7464125203871232,0.01607175181531881,0.589900410347117,0.014946706824007961,0.589900410347117,0.014946706824007961,0.6635230479259748,0.014035472811748825,0.1690357222394722,0.029997226308320777,0.2969754638667788,0.03192226333972815,0.43985074626865667,0.026486124933439263,0.6681564653671203,0.013993394639670927,abtype1_w75_t0.528
PA1_Csplit,402.0,0.44079601990049755,0.02287475409467194,345.65,0.07655867338180541,0.5592039800995025,0.022874754094671924,0.7471268078813618,0.01399620070394963,0.5918830931296891,0.012837889523791855,0.5918830931296891,0.012837889523791855,0.6649647238982743,0.01217168261679003,0.1716942795410851,0.026084344809503605,0.3008712373801806,0.0275976818328283,0.44079601990049755,0.02287475409467194,0.6695049505055254,0.012142083813867097,abtype1_w75_t0.528
PA1_Csplit,469.0,0.4372068230277185,0.017794259645302457,397.6,0.093411123752594,0.5627931769722816,0.01779425964530245,0.7504990655238841,0.010539625982274852,0.5920512737146486,0.010498870147415287,0.5920512737146486,0.010498870147415287,0.6665702550026104,0.009781033328427516,0.17330544349027915,0.02145575023072931,0.3033918502293717,0.022338321472294538,0.4372068230277185,0.017794259645302457,0.6712751696192665,0.009703112831888986,abtype1_w75_t0.528
PA1_Csplit,536.0,0.43964552238805965,0.016958893650447313,450.95,0.11029641628265381,0.5603544776119402,0.016958893650447313,0.7501020958777291,0.009749905501645303,0.5914646168865604,0.008879865786845688,0.5914646168865604,0.008879865786845688,0.6660639326104243,0.00835410563767277,0.17146979053743516,0.01855334768126729,0.30225412160310466,0.01878387785400349,0.43964552238805965,0.016958893650447313,0.6707833563821447,0.008338494413983117,abtype1_w75_t0.528
PA1_Csplit,603.0,0.43930348258706464,0.012983072985771029,503.3,0.12497860193252563,0.5606965174129351,0.012983072985771041,0.7508183072330691,0.007981752950359175,0.5919203932289199,0.008212792865561782,0.5919203932289199,0.008212792865561782,0.6666387314708156,0.007098522058204489,0.172194888690251,0.016113196799774965,0.30344537827251417,0.016548435901588814,0.43930348258706464,0.012983072985771029,0.6713693502309945,0.007017792564810506,abtype1_w75_t0.528
PA1_Csplit,670.0,0.43708955223880597,0.0122012072630853,554.75,0.14174926280975342,0.5629104477611939,0.012201207263085297,0.7528450644772264,0.007444684286112521,0.591497701242059,0.00710611018780506,0.591497701242059,0.00710611018780506,0.6673029581798395,0.006406390443201431,0.17242138031960158,0.014410828522413573,0.30403053115723017,0.01473173519931409,0.43708955223880597,0.0122012072630853,0.6721713828596426,0.006368471850714536,abtype1_w75_t0.528
PA1_Csplit,737.0,0.4352103120759837,0.012013122869449782,606.9,0.15724577903747558,0.5647896879240163,0.01201312286944978,0.7541932221464521,0.006844248394682498,0.5923467320987947,0.006148830143923708,0.5923467320987947,0.006148830143923708,0.6683815255291304,0.005697446290729967,0.17442100194907378,0.012858658709490756,0.30629820145194936,0.012915167375655429,0.4352103120759837,0.012013122869449782,0.6732699771226235,0.005690341707035964,abtype1_w75_t0.528
PA1_Csplit,804.0,0.4364427860696517,0.0109275920047874,659.55,0.17515653371810913,0.5635572139303482,0.01092759200478739,0.7538136156439205,0.006666161967880788,0.5923076813997838,0.00447035253239008,0.5923076813997838,0.00447035253239008,0.6681927892456416,0.004711323263911622,0.17387855990143053,0.009874863639041291,0.30605999571694537,0.009994278433418083,0.4364427860696517,0.0109275920047874,0.6730606485218522,0.004817476554279207,abtype1_w75_t0.528
PA1_Csplit,871.0,0.4378874856486797,0.009287599731874482,711.8,0.19095011949539184,0.5621125143513203,0.009287599731874489,0.7533929127448612,0.005943079181295804,0.5917729775706311,0.003368631048229462,0.5917729775706311,0.003368631048229462,0.6677069166745242,0.004008674356491645,0.17252494553420522,0.0077563767116551885,0.3049527678610719,0.008149412449467021,0.4378874856486797,0.009287599731874482,0.6725829451577463,0.004145040536964861,abtype1_w75_t0.528
PA1_Csplit,938.0,0.4372068230277185,0.008387014675998696,764.65,0.2070977807044983,0.5627931769722814,0.008387014675998698,0.7540979605657185,0.0051255336463074995,0.5916915767199654,0.0022891265060504444,0.5916915767199654,0.0022891265060504444,0.6679742630604542,0.0031404714644992764,0.17264844788767475,0.00577458196265378,0.3052582920721799,0.006017909812581352,0.4372068230277185,0.008387014675998696,0.6728947686428421,0.0033032545614790233,abtype1_w75_t0.528
PA1_Csplit,1000.0,0.43685,0.006872226713373191,811.85,0.22268651723861693,0.5631499999999999,0.006872226713373143,0.7544166666666666,0.004532036170624844,0.5920704864486007,0.0014976528701721172,0.5920704864486007,0.0014976528701721172,0.6683311185489852,0.0028511281514548145,0.17336612899960727,0.004667475563009904,0.30609961486605275,0.005212615371755073,0.43685,0.006872226713373191,0.6732435765576337,0.0030134110567718716,abtype1_w75_t0.528
PA2_Csplit,67.0,0.46268656716417916,0.07911855689969297,67.0,0.002182018756866455,0.5373134328358209,0.07911855689969298,0.6947022670972008,0.08813233778855839,0.5665394276445512,0.03849027495097553,0.5665394276445512,0.03849027495097553,0.626772965403471,0.05808616442799556,0.12771383246663393,0.08094801460464476,0.224437254574512,0.10962636503149661,0.46268656716417916,0.07911855689969297,0.6306208473708762,0.060276583301210884,abtype1_w75_t0.528
PA2_Csplit,134.0,0.4597014925373134,0.05220681323102299,134.0,0.013134992122650147,0.5402985074626866,0.05220681323102299,0.7215063277610785,0.04562816432931158,0.5797134494713065,0.02979017162956341,0.5797134494713065,0.02979017162956341,0.6466219588112072,0.03519606385928332,0.14748382637822835,0.061100813359621454,0.2634750251126878,0.07467421770073,0.4597014925373134,0.05220681323102299,0.6506098886161925,0.0358921321404164,abtype1_w75_t0.528
PA2_Csplit,201.0,0.4487562189054726,0.03260889474263471,201.0,0.03518192768096924,0.5512437810945273,0.0326088947426347,0.7370226377896364,0.025956792161322306,0.5837217475219199,0.022246631385046713,0.5837217475219199,0.022246631385046713,0.6558373690961213,0.022069040559636512,0.15630388331503636,0.0429475489586721,0.2800604642474308,0.050161287453386535,0.4487562189054726,0.03260889474263471,0.6603721926557782,0.022112089385759794,abtype1_w75_t0.528
PA2_Csplit,268.0,0.44477611940298517,0.025075071069270805,268.0,0.05553238391876221,0.5552238805970149,0.025075071069270795,0.7435241122089586,0.020004529117547437,0.5855312313390514,0.01633915210388842,0.5855312313390514,0.01633915210388842,0.6597652990871777,0.01616129663716558,0.16045316437740034,0.03181181962718399,0.28775096185784693,0.03597841586582526,0.44477611940298517,0.025075071069270805,0.6645276717740048,0.016254583583491775,abtype1_w75_t0.528
PA2_Csplit,335.0,0.444179104477612,0.01872762643744253,334.9,0.07104378938674927,0.555820895522388,0.018727626437442545,0.7459409251720204,0.014917537381152729,0.5874594129126628,0.011821147055911118,0.5874594129126628,0.011821147055911118,0.661941368155839,0.011534952438139557,0.16356803546444737,0.022614372050347616,0.29281679219064394,0.025600196423308266,0.444179104477612,0.01872762643744253,0.6667001690423415,0.011630740610735473,abtype1_w75_t0.528
PA2_Csplit,402.0,0.4445273631840797,0.014592049130410418,401.75,0.09090814590454102,0.5554726368159203,0.014592049130410418,0.7471202748516186,0.011822274910977261,0.5879871355527271,0.00983175878690491,0.5879871355527271,0.00983175878690491,0.662775716817413,0.009530569805713825,0.16432144806460955,0.018718379914421414,0.2945886573192111,0.021275159806718374,0.4445273631840797,0.014592049130410418,0.6675537052021729,0.009580894340952736,abtype1_w75_t0.528
PA2_Csplit,469.0,0.4424307036247336,0.012748678830598515,468.4,0.10751817226409913,0.5575692963752665,0.012748678830598499,0.7494853546403835,0.010026264299126824,0.5879980745837041,0.008247343890867597,0.5879980745837041,0.008247343890867597,0.6638323998292271,0.007766403052824833,0.16508494790467534,0.015796559385728756,0.2960839457112306,0.01739330220323806,0.4424307036247336,0.012748678830598515,0.6687417146120438,0.007813416368809487,abtype1_w75_t0.528
PA2_Csplit,536.0,0.4402052238805971,0.012932146268360091,534.75,0.12790884971618652,0.559794776119403,0.012932146268360093,0.7511980625757289,0.009670849832212598,0.5893783477528043,0.007713071614823304,0.5893783477528043,0.007713071614823304,0.6653684506159594,0.007075604243582188,0.16795355541136528,0.014596180640851561,0.29942418966863815,0.015915118164483277,0.4402052238805971,0.012932146268360091,0.6702882051642667,0.007137040689586446,abtype1_w75_t0.528
PA2_Csplit,603.0,0.44104477611940307,0.0132408012499635,601.05,0.1436321496963501,0.5589552238805969,0.013240801249963489,0.7514214630228475,0.009120968331273184,0.5892658540089875,0.0060497032625131805,0.5892658540089875,0.0060497032625131805,0.6654103587880243,0.006323408452301891,0.16758600409228597,0.012620046623972812,0.29947712971364077,0.013510700287443281,0.44104477611940307,0.0132408012499635,0.6703436585159177,0.006473655630831666,abtype1_w75_t0.528
PA2_Csplit,670.0,0.44141791044776124,0.01207826080401892,666.7,0.16289134025573732,0.5585820895522388,0.012078260804018932,0.751601987975667,0.00874571534036427,0.5893984870132775,0.005072824078624465,0.5893984870132775,0.005072824078624465,0.6655670799544597,0.005741375476467332,0.16763912549919166,0.010805468561871362,0.2998478801715038,0.011844999984722469,0.44141791044776124,0.01207826080401892,0.6705002374944723,0.005938741571742282,abtype1_w75_t0.528
PA2_Csplit,737.0,0.4397557666214382,0.010152844763381514,732.15,0.18257768154144288,0.5602442333785618,0.01015284476338151,0.7527180097692888,0.0073058144046367545,0.5903149934395059,0.004985847770999182,0.5903149934395059,0.004985847770999182,0.6665814273881219,0.005189735684942654,0.16963703596514706,0.010423354585511838,0.302062214881087,0.011105976076194887,0.4397557666214382,0.010152844763381514,0.6715165016043974,0.005297286926588858,abtype1_w75_t0.528
PA2_Csplit,804.0,0.43774875621890547,0.010959927718451133,797.65,0.20011802911758422,0.5622512437810945,0.010959927718451128,0.7538336394220776,0.0077568563705861186,0.5916727514640171,0.0033750482948880487,0.5916727514640171,0.0033750482948880487,0.6678440188652217,0.004868963755955948,0.17245151580448898,0.008480200970343162,0.30505439287437774,0.009294997809838468,0.43774875621890547,0.010959927718451133,0.6727531954430473,0.005113543046965881,abtype1_w75_t0.528
PA2_Csplit,871.0,0.4371986222732492,0.010431978591596367,862.8,0.21824302673339843,0.5628013777267509,0.010431978591596367,0.7544743566626603,0.00736192714773861,0.5914263745370552,0.0028133945111243194,0.5914263745370552,0.0028133945111243194,0.6679892358073046,0.004457132466279005,0.17226527316466564,0.007240070258384729,0.30503778315664565,0.008272193448152335,0.4371986222732492,0.010431978591596367,0.6729503655998577,0.004717431614580235,abtype1_w75_t0.528
PA2_Csplit,938.0,0.43582089552238806,0.00906246078351958,927.95,0.24087960720062257,0.5641791044776119,0.009062460783519573,0.755364055502461,0.00636175911487068,0.5919932363916398,0.0028563159534000355,0.5919932363916398,0.0028563159534000355,0.6687054276843661,0.0041911444473451505,0.17364953152151202,0.007147988243957305,0.3065259100908861,0.00808340769662893,0.43582089552238806,0.00906246078351958,0.6736786459470505,0.004382812762591705,abtype1_w75_t0.528
PA2_Csplit,1000.0,0.4343,0.006943342134735987,987.9,0.2593096375465393,0.5656999999999999,0.006943342134735946,0.7562777777777778,0.004913134324327882,0.5926833367243963,0.0016465840034949216,0.5926833367243963,0.0016465840034949216,0.6695010710025378,0.003102902410863953,0.1752599453948159,0.004977359250524283,0.3082379636798872,0.005690083461137379,0.4343,0.006943342134735987,0.6744805572510871,0.0032787434297671158,abtype1_w75_t0.528
PA_L1,67.0,0.45671641791044787,0.0456140501192123,43.5,0.0017596125602722169,0.5432835820895521,0.04561405011921231,0.7243877188829619,0.03438057931012985,0.585707553140478,0.02352407995890681,0.585707553140478,0.02352407995890681,0.6512223397809185,0.02508723984421721,0.15525855103761638,0.04329862275185801,0.27541800031486996,0.053235352789467984,0.45671641791044787,0.0456140501192123,0.6550476360117201,0.025575871115073315,abtype1_w75_t0.528
PA_L1,134.0,0.46492537313432836,0.031582244730595274,82.1,0.011807405948638916,0.5350746268656716,0.03158224473059526,0.7300377859453065,0.03134310197764418,0.5805307078204527,0.023557759387532164,0.5805307078204527,0.023557759387532164,0.6508943157233895,0.024340123024290474,0.14562439718626702,0.04304680899221213,0.2701027925225502,0.05413779880480426,0.46492537313432836,0.031582244730595274,0.6552842468828796,0.02464932305178917,abtype1_w75_t0.528
PA_L1,201.0,0.45920398009950236,0.02599948782179885,120.2,0.030718958377838133,0.5407960199004976,0.02599948782179885,0.7376680245932424,0.020039641063639577,0.584962949132416,0.01767009038420028,0.584962949132416,0.01767009038420028,0.6568384007934458,0.01684873855611869,0.15445533968078487,0.03252458643593187,0.2829484794814089,0.039502778372369214,0.45920398009950236,0.02599948782179885,0.6613154868628293,0.016867294613387845,abtype1_w75_t0.528
PA_L1,268.0,0.45447761194029856,0.019302264412503826,157.5,0.04667441844940186,0.5455223880597015,0.019302264412503815,0.7421249047147743,0.013100580364641765,0.5872576162125939,0.013378820271342701,0.5872576162125939,0.013378820271342701,0.6601159058787663,0.010787465349872918,0.15914761291603158,0.023287549860048423,0.289828265356075,0.026684249234866925,0.45447761194029856,0.019302264412503826,0.6646912604636841,0.010634499209976677,abtype1_w75_t0.528
PA_L1,335.0,0.4535820895522388,0.021514810183942086,195.15,0.060480916500091554,0.5464179104477612,0.021514810183942093,0.743818489783057,0.013851223768691053,0.5884929536534823,0.01174284935678143,0.5884929536534823,0.01174284935678143,0.6615668609320832,0.010157034676701671,0.1615404321116712,0.02185808175005562,0.29310032285405985,0.023765967634052892,0.4535820895522388,0.021514810183942086,0.6661557217182696,0.010168880417807065,abtype1_w75_t0.528
PA_L1,402.0,0.45597014925373136,0.021587396616564822,233.95,0.07938976287841797,0.5440298507462686,0.02158739661656481,0.7428174880585752,0.012606403592224084,0.5897204828261146,0.010351265723942592,0.5897204828261146,0.010351265723942592,0.6618181834191106,0.00894846889972644,0.16250366159318821,0.019727679339907624,0.2946826390429895,0.02048737358869897,0.45597014925373136,0.021587396616564822,0.6662689854423449,0.008992506520573849,abtype1_w75_t0.528
PA_L1,469.0,0.45362473347547977,0.018708426662858223,270.75,0.09699538946151734,0.5463752665245202,0.018708426662858227,0.7447089979913679,0.010742532783368263,0.590067903866559,0.008700170818602448,0.590067903866559,0.008700170818602448,0.6628659656182726,0.007508552546663341,0.16392643218679814,0.0165816102837302,0.2965578958638414,0.01703753592867385,0.45362473347547977,0.018708426662858223,0.6673884509289634,0.007560978524512574,abtype1_w75_t0.528
PA_L1,536.0,0.4540111940298508,0.017264016504629852,308.2,0.11139125823974609,0.5459888059701493,0.017264016504629845,0.7449731088980284,0.009633212484738076,0.5900775422520789,0.006733770413964064,0.5900775422520789,0.006733770413964064,0.6629989303603769,0.006444274430360069,0.16390390755257,0.013926911473684288,0.2968838330720093,0.013968847053646776,0.4540111940298508,0.017264016504629852,0.6675253255750537,0.0065681204648280036,abtype1_w75_t0.528
PA_L1,603.0,0.45331674958540624,0.014844770379914081,345.6,0.13016893863677978,0.5466832504145938,0.014844770379914083,0.7460691014558309,0.007738771200509322,0.5891740583814444,0.006513399188867825,0.5891740583814444,0.006513399188867825,0.6629833789890853,0.005750164515007995,0.1628909067248512,0.01326082500242692,0.29607816710141166,0.013095805521523736,0.45331674958540624,0.014844770379914081,0.6676215799186377,0.005771539844318364,abtype1_w75_t0.528
PA_L1,670.0,0.4513432835820896,0.015187254742585074,380.9,0.14856940507888794,0.5486567164179105,0.015187254742585076,0.7475790364388506,0.007901873846835548,0.5891311929863989,0.00621101792227916,0.5891311929863989,0.00621101792227916,0.6636307184238928,0.005719821971592846,0.16359281422138067,0.013113827236309335,0.2969340883437002,0.012785754799471204,0.4513432835820896,0.015187254742585074,0.6683551147126247,0.005780371411827924,abtype1_w75_t0.528
PA_L1,737.0,0.45217096336499313,0.015653128327061398,419.25,0.16542892456054686,0.5478290366350069,0.0156531283270614,0.747184743071128,0.00805489102990589,0.5894602631089964,0.005952142132741465,0.5894602631089964,0.005952142132741465,0.6636425950513871,0.005820063682025546,0.16380294886642688,0.013185559783904895,0.29727256414100445,0.012668017997806175,0.45217096336499313,0.015653128327061398,0.6683225030900621,0.005907897206423057,abtype1_w75_t0.528
PA_L1,804.0,0.4507462686567164,0.014586747364755482,454.9,0.17907358407974244,0.5492537313432837,0.014586747364755475,0.7480162041859304,0.007958278500353527,0.5899146244892385,0.0045382270500595005,0.5899146244892385,0.0045382270500595005,0.664269506398239,0.005134465469223798,0.16496332488053408,0.010684844268711626,0.2985804210850192,0.010461083080335793,0.4507462686567164,0.014586747364755482,0.6689654143375845,0.005320080484804023,abtype1_w75_t0.528
PA_L1,871.0,0.4506888633754305,0.01256362811206414,491.75,0.2011726140975952,0.5493111366245695,0.012563628112064138,0.7484271649137352,0.006766419596720485,0.5892303086643171,0.0033540807213054964,0.5892303086643171,0.0033540807213054964,0.6640716828484601,0.004516467629521916,0.16400853639544996,0.008810356881934175,0.29774528702521147,0.008898913546450775,0.4506888633754305,0.01256362811206414,0.6688287367890261,0.004698201356707978,abtype1_w75_t0.528
PA_L1,938.0,0.4506396588486141,0.011703309891385062,530.6,0.21959102153778076,0.5493603411513859,0.011703309891385053,0.748450472192413,0.005963829740229681,0.5896772379668549,0.0032225170297918524,0.5896772379668549,0.0032225170297918524,0.6643353380908482,0.00422030517719766,0.16469541718413758,0.008621084106780322,0.2985127730464227,0.008468391693801515,0.4506396588486141,0.011703309891385062,0.669063855079634,0.004360112111433756,abtype1_w75_t0.528
PA_L1,1000.0,0.45010000000000006,0.012161003248087728,564.3,0.23899245262145996,0.5499,0.012161003248087703,0.7486111111111111,0.006325775217217683,0.5904355667151187,0.0019292842249125986,0.5904355667151187,0.0019292842249125986,0.6648335514114372,0.003888749139467294,0.165995722084573,0.007308390151962321,0.2998877428210962,0.00700570211069761,0.45010000000000006,0.012161003248087728,0.6695233389131149,0.004124111961982341,abtype1_w75_t0.528
PA_L2,67.0,0.48283582089552246,0.061225874495428864,56.45,0.0023950576782226563,0.5171641791044775,0.06122587449542885,0.7131033501465399,0.04588760610150741,0.5716486486149449,0.0270236209581653,0.5716486486149449,0.0270236209581653,0.6381482382883291,0.029834466294167743,0.1284290249847582,0.05192640628571762,0.2433056084588768,0.06157484070388379,0.48283582089552246,0.061225874495428864,0.6423759993807425,0.030795106893831723,abtype1_w75_t0.528
PA_L2,134.0,0.467910447761194,0.03587526967678183,107.0,0.011636078357696533,0.532089552238806,0.03587526967678182,0.7279770283755491,0.029166221155377998,0.5806667485075246,0.019696576978550692,0.5806667485075246,0.019696576978550692,0.6500845830762927,0.02190366798590617,0.1455117551806932,0.03844323173341743,0.2700185254464202,0.0464907028173337,0.467910447761194,0.03587526967678183,0.6543218884415369,0.022327041567257892,abtype1_w75_t0.528
PA_L2,201.0,0.46268656716417916,0.028406173977353635,155.0,0.031086158752441407,0.5373134328358209,0.02840617397735362,0.7336241149135997,0.020663710131008577,0.5881566260376798,0.01787550820963853,0.5881566260376798,0.01787550820963853,0.6568126870734666,0.016929056718096528,0.15775012071188402,0.03299402280167952,0.28599297834853626,0.03747705806092964,0.46268656716417916,0.028406173977353635,0.6608903704756399,0.016983462686325182,abtype1_w75_t0.528
PA_L2,268.0,0.4574626865671642,0.028377840808703793,202.1,0.04862610101699829,0.5425373134328357,0.028377840808703803,0.7388486991680707,0.017889904605940858,0.5899948247500022,0.014784489832310264,0.5899948247500022,0.014784489832310264,0.6601969939031024,0.014391903811161882,0.16259218384083443,0.029019052222491876,0.29255068881063934,0.031556889204818986,0.4574626865671642,0.028377840808703793,0.6644217619590365,0.014484539771345022,abtype1_w75_t0.528
PA_L2,335.0,0.4528358208955224,0.02369517566861628,249.85,0.06252267360687255,0.5471641791044775,0.02369517566861628,0.7428214502736241,0.014408476733698643,0.5907569360610152,0.01183516935158619,0.5907569360610152,0.01183516935158619,0.6624008449787979,0.01087351831775951,0.1652274096704597,0.022724288340348796,0.29636423083631636,0.024164464166372062,0.4528358208955224,0.02369517566861628,0.6667891931673197,0.010955056888696437,abtype1_w75_t0.528
PA_L2,402.0,0.4534825870646767,0.020932506951653166,297.1,0.07758108377456666,0.5465174129353235,0.020932506951653156,0.7436090525433456,0.012734220668667709,0.5902395144885562,0.008959626754431337,0.5902395144885562,0.008959626754431337,0.6624708203654877,0.008661887919679397,0.16427601488688842,0.017932256314475942,0.2961822300010496,0.018692702319946877,0.4534825870646767,0.020932506951653166,0.6669242835159509,0.00884272693754713,abtype1_w75_t0.528
PA_L2,469.0,0.45117270788912583,0.02185267032037349,343.3,0.09581754207611085,0.5488272921108741,0.021852670320373493,0.7456284826823392,0.012767363930743639,0.5907486002746298,0.007415827522445976,0.5907486002746298,0.007415827522445976,0.6636686941212432,0.00873613749206856,0.16612436480419057,0.017572282070070253,0.29842517631468446,0.01783454084404595,0.45117270788912583,0.02185267032037349,0.6681885414784845,0.00901313555817367,abtype1_w75_t0.528
PA_L2,536.0,0.4478544776119403,0.017225666553594914,389.6,0.1125596284866333,0.5521455223880596,0.017225666553594893,0.7475076372819419,0.010812547302460779,0.5922440240656028,0.007676073184378268,0.5922440240656028,0.007676073184378268,0.6653426188916033,0.007563234498623581,0.16937626940753056,0.015524321574382133,0.3019699746985501,0.016211841472874213,0.4478544776119403,0.017225666553594914,0.6698758306737724,0.007713253053678881,abtype1_w75_t0.528
PA_L2,603.0,0.44668325041459367,0.014667713333084174,435.45,0.12583450078964234,0.5533167495854063,0.014667713333084163,0.7486336159181365,0.009237342033970065,0.5921760909865929,0.0071235270259986236,0.5921760909865929,0.0071235270259986236,0.6658047075830734,0.006224437408324286,0.16966248851761853,0.013429428865764316,0.3025328309698148,0.013895374023733998,0.44668325041459367,0.014667713333084174,0.6704048534523648,0.006315083841214517,abtype1_w75_t0.528
PA_L2,670.0,0.44798507462686565,0.013875580862210989,482.75,0.1425791621208191,0.5520149253731345,0.013875580862211,0.7486295237850589,0.00858748085359384,0.5907391970555568,0.0064829622925959545,0.5907391970555568,0.0064829622925959545,0.6649994997668193,0.00594226620803601,0.16712400313853423,0.012791739392719215,0.300210328836119,0.013224887527183418,0.44798507462686565,0.013875580862210989,0.6696843604203078,0.006030267767133789,abtype1_w75_t0.528
PA_L2,737.0,0.4458616010854817,0.013753153583081202,527.85,0.16053019762039183,0.5541383989145183,0.013753153583081209,0.749909341047703,0.008355775757105378,0.5915702459055294,0.005199686432904126,0.5915702459055294,0.005199686432904126,0.666039734320145,0.005434144866777864,0.16918297827350082,0.011081354825695219,0.3024315622479222,0.011393276286746187,0.4458616010854817,0.013753153583081202,0.670739793476616,0.005605006556242218,abtype1_w75_t0.528
PA_L2,804.0,0.4451492537313433,0.014914486079064171,573.95,0.1781037926673889,0.5548507462686566,0.014914486079064157,0.7505265289778162,0.00823017286572589,0.5917610256565131,0.005009024493926394,0.5917610256565131,0.005009024493926394,0.6664282239951819,0.006068043433338446,0.16986240459976604,0.012419796026504143,0.30318785148558436,0.012474493850292815,0.4451492537313433,0.014914486079064171,0.6711437773171648,0.006223477887647654,abtype1_w75_t0.528
PA_L2,871.0,0.4436854190585534,0.014821127605289388,618.9,0.19223023653030397,0.5563145809414466,0.014821127605289376,0.7515603772812774,0.008386027238218224,0.5918843421718177,0.004547176328975239,0.5918843421718177,0.004547176328975239,0.6669568178290479,0.005949870019828598,0.17060609547244282,0.011877557821144788,0.30403213991417705,0.011925191848613334,0.4436854190585534,0.014821127605289388,0.6717223597265476,0.006143265624812225,abtype1_w75_t0.528
PA_L2,938.0,0.44408315565031986,0.0130198251136826,665.05,0.20783156156539917,0.5559168443496801,0.013019825113682593,0.7516719869033923,0.0075895650866658095,0.591208247713989,0.00366866158419779,0.591208247713989,0.00366866158419779,0.6666262062391523,0.005201788683078986,0.16942546763728003,0.009944114422784693,0.3029949463007041,0.010189361250997576,0.44408315565031986,0.0130198251136826,0.6714401173086906,0.005404142183229417,abtype1_w75_t0.528
PA_L2,1000.0,0.44425,0.012123840150711334,709.25,0.2246105670928955,0.55575,0.012123840150711293,0.751638888888889,0.007306083631104387,0.5913271298620009,0.0022968104997155383,0.5913271298620009,0.0022968104997155383,0.6666788310808492,0.0045326244586159385,0.1695152779357263,0.007846498671522702,0.3031920219601973,0.008209403215170292,0.44425,0.012123840150711334,0.6714830093754449,0.004799413231244898,abtype1_w75_t0.528
PA_I_L1,67.0,0.44029850746268656,0.04612399146376849,52.25,0.0018169641494750976,0.5597014925373135,0.046123991463768485,0.7150535317583857,0.02951083127604821,0.5862257192296388,0.024193555091375163,0.5862257192296388,0.024193555091375163,0.647254788226854,0.021770505729398343,0.16217763477021999,0.04513851991539136,0.2692976361476943,0.050706453222720126,0.44029850746268656,0.04612399146376849,0.6506396254940122,0.021886679680019557,abtype1_w75_t0.528
PA_I_L1,134.0,0.43507462686567167,0.031048722481663765,94.7,0.010737037658691407,0.5649253731343283,0.03104872248166377,0.735170347560621,0.026640579471648815,0.5906352143739673,0.0191671722673041,0.5906352143739673,0.0191671722673041,0.6588133203679395,0.018149352368256225,0.17054603828571774,0.033469737862387924,0.2903681277626165,0.039150821867771635,0.43507462686567167,0.031048722481663765,0.662902780967294,0.018512762306310306,abtype1_w75_t0.528
PA_I_L1,201.0,0.43184079601990055,0.03402053929806718,134.75,0.031524479389190674,0.5681592039800994,0.03402053929806717,0.7444359206369978,0.02306877696279307,0.590842361806146,0.021388822294537382,0.590842361806146,0.021388822294537382,0.6631155351011581,0.019418273714032524,0.17310466054478213,0.04165476799082739,0.2963907850962809,0.044643774592161255,0.43184079601990055,0.03402053929806718,0.6676391412215719,0.019362719061188416,abtype1_w75_t0.528
PA_I_L1,268.0,0.43246268656716425,0.029044618888684884,174.5,0.04996920824050903,0.5675373134328359,0.02904461888868489,0.748049315691761,0.018660747552055063,0.5930190834277631,0.017280678820357203,0.5930190834277631,0.017280678820357203,0.6659748750432618,0.015501631985595555,0.17641687150600566,0.0342569444007492,0.3027374784778819,0.03556065266872789,0.43246268656716425,0.029044618888684884,0.670534199559762,0.015471553132417796,abtype1_w75_t0.528
PA_I_L1,335.0,0.4361194029850746,0.026038681235275068,214.15,0.06333038806915284,0.5638805970149253,0.026038681235275068,0.7486116006770583,0.01657029923115561,0.5901626333962818,0.016134929952244692,0.5901626333962818,0.016134929952244692,0.6646198514324155,0.01375484744358576,0.17049534000830407,0.030905971358368273,0.29839367071113193,0.032368505029213866,0.4361194029850746,0.026038681235275068,0.6693871170366701,0.013667561784220222,abtype1_w75_t0.528
PA_I_L1,402.0,0.43805970149253726,0.021741635071374967,253.7,0.08257683515548705,0.5619402985074627,0.021741635071374967,0.7492140165187867,0.013774868326439158,0.5903820911419628,0.011399045430412952,0.5903820911419628,0.011399045430412952,0.6650214389855692,0.009342253411841703,0.17002335227966683,0.02091155482742704,0.29952627821806865,0.021329823541836945,0.43805970149253726,0.021741635071374967,0.6697980538303747,0.009436547066737327,abtype1_w75_t0.528
PA_I_L1,469.0,0.4384861407249467,0.02049876800955548,292.65,0.09922102689743043,0.5615138592750533,0.020498768009555468,0.7502735782399919,0.010976659510982529,0.5903389609060299,0.011713501417504163,0.5903389609060299,0.011713501417504163,0.6654903781935346,0.009799826048287658,0.17014798270453013,0.023250408396932126,0.30022278776925543,0.023132653263617547,0.4384861407249467,0.02049876800955548,0.6703062695730109,0.009659246089722262,abtype1_w75_t0.528
PA_I_L1,536.0,0.4371268656716419,0.018535989990491497,331.55,0.11783628463745117,0.5628731343283582,0.01853598999049148,0.7515815614132362,0.010708597811740817,0.5914228590300702,0.009611079048673372,0.5914228590300702,0.009611079048673372,0.6666854772814015,0.008415670124775454,0.17222055097823208,0.01914934666595171,0.30295554284047627,0.019248237891701218,0.4371268656716419,0.018535989990491497,0.6715022102216531,0.008407042585394417,abtype1_w75_t0.528
PA_I_L1,603.0,0.4406301824212272,0.018534517811596176,372.55,0.13509933948516845,0.5593698175787728,0.018534517811596176,0.7502127176381939,0.010541980250573882,0.5912822808734605,0.00985485596911044,0.5912822808734605,0.00985485596911044,0.6659940903313796,0.008102973748405483,0.17066011318196167,0.019029427483827265,0.30184785362981587,0.018788890209943614,0.4406301824212272,0.018534517811596176,0.6707474992558271,0.008075440588235618,abtype1_w75_t0.528
PA_I_L1,670.0,0.44268656716417915,0.017176504335302444,413.25,0.1554955005645752,0.5573134328358208,0.017176504335302444,0.7493816351404827,0.0102018807220491,0.5916180330310035,0.007233995041423845,0.5916180330310035,0.007233995041423845,0.6658218524582032,0.0067145310512146715,0.1703999439667005,0.01453912137787633,0.30206726557732605,0.014537099989639887,0.44268656716417915,0.017176504335302444,0.6704998340857431,0.006868030795090243,abtype1_w75_t0.528
PA_I_L1,737.0,0.44172320217096334,0.013414835190501831,451.6,0.16970614194869996,0.5582767978290366,0.013414835190501824,0.7503550469294782,0.008147926905660687,0.5917259695270969,0.005650257809055753,0.5917259695270969,0.005650257809055753,0.6663228235845897,0.005277756939567924,0.17092774801814165,0.011057830716218504,0.3029270521240025,0.011358167569009715,0.44172320217096334,0.013414835190501831,0.6710405082282875,0.005410608895591997,abtype1_w75_t0.528
PA_I_L1,804.0,0.44148009950248757,0.012390925311433086,490.75,0.18750487565994262,0.5585199004975123,0.01239092531143309,0.7507899148727865,0.007837381977363915,0.5919663820126375,0.004410002515005052,0.5919663820126375,0.004410002515005052,0.6666552700241212,0.004834646511415333,0.17140355597242712,0.009255145512002978,0.3036475387498605,0.009801523942809332,0.44148009950248757,0.012390925311433086,0.6713781484427119,0.005033370551905675,abtype1_w75_t0.528
PA_I_L1,871.0,0.4424225028702641,0.01242542584523368,529.95,0.20474098920822142,0.557577497129736,0.012425425845233672,0.7506622470585235,0.007632175429840606,0.591605357714721,0.003196884817198912,0.591605357714721,0.003196884817198912,0.6663997925118681,0.004718017085354265,0.17057407479840742,0.00836713140760308,0.30303312867186727,0.008915489956497194,0.4424225028702641,0.01242542584523368,0.6711338023866222,0.004968452387189294,abtype1_w75_t0.528
PA_I_L1,938.0,0.4446162046908316,0.011801830952968858,569.45,0.22288918495178223,0.5553837953091685,0.011801830952968863,0.7498590948834982,0.007198975443196079,0.5908815463451913,0.002557132304062014,0.5908815463451913,0.002557132304062014,0.665636981393394,0.004382052879100114,0.1687003627099769,0.007787710486403398,0.30136584503890473,0.008032342770736023,0.4446162046908316,0.011801830952968858,0.6703703206143448,0.00464079447421798,abtype1_w75_t0.528
PA_I_L1,1000.0,0.4457,0.010431203190428236,606.75,0.2390347957611084,0.5543,0.010431203190428201,0.7495,0.006442767981175426,0.5905665605985624,0.0020483186092656695,0.5905665605985624,0.0020483186092656695,0.6653019750820599,0.004010245874577805,0.16782636921721258,0.006817353044694552,0.3006411940935727,0.007276791677900414,0.4457,0.010431203190428236,0.6700332802992812,0.004243547197454125,abtype1_w75_t0.528
PA_I_L2,67.0,0.458955223880597,0.04716866594943427,55.75,0.002325403690338135,0.541044776119403,0.04716866594943429,0.7110313254129399,0.05522657420695718,0.577302896757548,0.03354100179844571,0.577302896757548,0.03354100179844571,0.6404565710083465,0.040464955430570375,0.1431094839935772,0.06530308336860614,0.25247346559727013,0.08292667056741791,0.458955223880597,0.04716866594943427,0.644167111085244,0.041406972659554384,abtype1_w75_t0.528
PA_I_L2,134.0,0.4608208955223881,0.03361316969730133,108.0,0.0130668044090271,0.539179104477612,0.03361316969730133,0.7278971411882168,0.03149945243620182,0.5833649484347456,0.021272909158510496,0.5833649484347456,0.021272909158510496,0.6515466319391224,0.023778980243126635,0.15188691707893054,0.04179861466357227,0.2741843086239659,0.051113595343532825,0.4608208955223881,0.03361316969730133,0.6556310448114813,0.02419867084653537,abtype1_w75_t0.528
PA_I_L2,201.0,0.4547263681592041,0.025533586906181772,156.75,0.030193078517913818,0.545273631840796,0.02553358690618177,0.7375190418273803,0.023024181671718994,0.5847236094399216,0.013578055722983456,0.5847236094399216,0.013578055722983456,0.6566261911597489,0.015480869430011403,0.15577731901175262,0.02647970301156324,0.2830016729030734,0.03186219610338719,0.4547263681592041,0.025533586906181772,0.6611213256336509,0.015969570074429697,abtype1_w75_t0.528
PA_I_L2,268.0,0.4503731343283583,0.022453263258702068,205.2,0.04704927206039429,0.5496268656716418,0.02245326325870206,0.7423651700863629,0.01936842647562944,0.5867567448794443,0.012808577953325948,0.5867567448794443,0.012808577953325948,0.6599359765948588,0.013382903527694305,0.16029965620490366,0.024233360919263345,0.28935587155528786,0.028420607119330827,0.4503731343283583,0.022453263258702068,0.6645609574829037,0.013719008819086193,abtype1_w75_t0.528
PA_I_L2,335.0,0.4480597014925373,0.020088909084646257,253.5,0.06139949560165405,0.5519402985074626,0.020088909084646257,0.745186541244548,0.014975529529984554,0.5881163164721828,0.009998999845157992,0.5881163164721828,0.009998999845157992,0.6619718396311922,0.010068515317844334,0.1631502578196766,0.01899213049639398,0.29355005224738795,0.021331133437683458,0.4480597014925373,0.020088909084646257,0.6666514288583654,0.010340478357505218,abtype1_w75_t0.528
PA_I_L2,402.0,0.4468905472636816,0.019842499440342668,301.25,0.07841581106185913,0.5531094527363185,0.01984249944034266,0.7469578451040516,0.013647138998235652,0.5887629954176554,0.009247877492519572,0.5887629954176554,0.009247877492519572,0.6631398743985002,0.0100474950537863,0.1648010231528524,0.019711072705021766,0.2958521528481222,0.021250960170655264,0.4468905472636816,0.019842499440342668,0.6678604202608535,0.010251601348394436,abtype1_w75_t0.528
PA_I_L2,469.0,0.44584221748400854,0.01809102792777377,348.5,0.0950421690940857,0.5541577825159915,0.018091027927773753,0.7484311750065799,0.011223681361004748,0.5887551711182748,0.00837237120974387,0.5887551711182748,0.00837237120974387,0.6637912769286487,0.008387506935392136,0.16510634806319222,0.017702048240723897,0.29673118645598573,0.01829615072474395,0.44584221748400854,0.01809102792777377,0.6685931730624273,0.008500555846248037,abtype1_w75_t0.528
PA_I_L2,536.0,0.44561567164179106,0.015734537523704798,395.0,0.11153379678726197,0.5543843283582089,0.015734537523704798,0.7490990167263105,0.010924330791392201,0.5888775267524892,0.00627271371902545,0.5888775267524892,0.00627271371902545,0.6641548024707657,0.0067786981827226405,0.16526055642267437,0.012853394412802973,0.2973952988588941,0.013898159416507901,0.44561567164179106,0.015734537523704798,0.6689882717393998,0.007046988783987294,abtype1_w75_t0.528
PA_I_L2,603.0,0.44378109452736325,0.013114798620077977,440.4,0.1257305145263672,0.5562189054726367,0.013114798620077972,0.7503462835987084,0.009294526394572835,0.5900384881990568,0.0064071387312913,0.5900384881990568,0.0064071387312913,0.6653637788742064,0.00598911420469472,0.16764499897036048,0.012394594989980882,0.30006799802570827,0.012998610394789478,0.44378109452736325,0.013114798620077977,0.6701923858988826,0.006138434253481539,abtype1_w75_t0.528
PA_I_L2,670.0,0.44350746268656716,0.011933533531355936,486.25,0.14343878030776977,0.556492537313433,0.011933533531355938,0.750958044330863,0.008229958737498887,0.5899057060491063,0.005754038665403514,0.5899057060491063,0.005754038665403514,0.6655656494772814,0.005552148428098343,0.16760362670666593,0.011557079143318114,0.30026998989789233,0.01201136428190582,0.44350746268656716,0.011933533531355936,0.6704318751899846,0.005676502132522626,abtype1_w75_t0.528
PA_I_L2,737.0,0.4437584803256446,0.010807861466919977,533.35,0.1595643162727356,0.5562415196743555,0.010807861466919972,0.7514065440919635,0.007302707015585618,0.588987043634954,0.004692950350299916,0.588987043634954,0.004692950350299916,0.6652497547239531,0.004839084068609105,0.1661562034691899,0.009736044131600981,0.29904880045115834,0.010259194632137694,0.4437584803256446,0.010807861466919977,0.6701967938634588,0.004980490869010374,abtype1_w75_t0.528
PA_I_L2,804.0,0.4419154228855722,0.011615210758412969,578.65,0.17516411542892457,0.5580845771144278,0.011615210758412972,0.7524606451478945,0.007584998443929871,0.5900472577775154,0.004462667948391916,0.5900472577775154,0.004462667948391916,0.6663183236666754,0.005292388267826925,0.16848522004363614,0.010387900289948003,0.301494017153848,0.010863842773075618,0.4419154228855722,0.011615210758412969,0.671253951462705,0.005454419118312403,abtype1_w75_t0.528
PA_I_L2,871.0,0.4420206659012629,0.008766295829538959,624.15,0.1892132878303528,0.5579793340987372,0.008766295829538945,0.7524363449810331,0.005985240958774032,0.5904853833929607,0.0035803278017154275,0.5904853833929607,0.0035803278017154275,0.6665564376213444,0.004126724122251036,0.1690537775428559,0.007839686190378078,0.3022289712983166,0.008499982689798789,0.4420206659012629,0.008766295829538959,0.671460864186997,0.004252744394274827,abtype1_w75_t0.528
PA_I_L2,938.0,0.44221748400852867,0.009780251548980561,669.65,0.20699678659439086,0.5577825159914711,0.00978025154898057,0.7522898663514899,0.006208574943422067,0.5911199009337548,0.0033122411534525164,0.5911199009337548,0.0033122411534525164,0.6668513082323417,0.004391054416212417,0.1699550795571566,0.00815279507704665,0.30322112078559516,0.008787032452754069,0.44221748400852867,0.009780251548980561,0.6717048836426224,0.004538504767812707,abtype1_w75_t0.528
PA_I_L2,1000.0,0.44195,0.00839925591942525,712.3,0.22356995344161987,0.5580499999999999,0.008399255919425216,0.7524722222222222,0.005475746186255912,0.5915280047496181,0.0017656023383222311,0.5915280047496181,0.0017656023383222311,0.6671628920214931,0.00342172947239658,0.1706424603563655,0.005611717494150994,0.304027835383594,0.006225131367723305,0.44195,0.00839925591942525,0.6720001134859201,0.0036187744057408476,abtype1_w75_t0.528
PA_II_L1,67.0,0.45373134328358206,0.0534820085587132,47.6,0.0018017172813415527,0.546268656716418,0.053482008558713184,0.7100461143356945,0.0509458580458307,0.5797688637698097,0.03087435520364771,0.5797688637698097,0.03087435520364771,0.6413763178840438,0.036620692526282875,0.1488435029933168,0.05975565405985598,0.2565180851564982,0.07339714456999503,0.45373134328358206,0.0534820085587132,0.6449074890527522,0.0375258608272871,abtype1_w75_t0.528
PA_II_L1,134.0,0.4507462686567164,0.027962677604768952,87.35,0.010799658298492432,0.5492537313432836,0.02796267760476893,0.7311580020733881,0.02272737802542655,0.5869717144271476,0.015010855554510054,0.5869717144271476,0.015010855554510054,0.6549992412342588,0.014194505556067364,0.15989421044904742,0.026536512858203964,0.2823897792924142,0.02997564964857247,0.4507462686567164,0.027962677604768952,0.659064858250268,0.014617690643290214,abtype1_w75_t0.528
PA_II_L1,201.0,0.44601990049751244,0.04228197197775741,125.85,0.030816817283630372,0.5539800995024875,0.04228197197775742,0.7403588241332282,0.026410195924318102,0.5865596245599479,0.015724774163805924,0.5865596245599479,0.015724774163805924,0.6589014773307578,0.01788623293615169,0.16211004389208572,0.03593096336620921,0.2875854490545936,0.036633437388828446,0.44601990049751244,0.04228197197775741,0.6634592243465882,0.018423676610578504,abtype1_w75_t0.528
PA_II_L1,268.0,0.43992537313432833,0.03508058063155587,165.3,0.04712975025177002,0.5600746268656718,0.03508058063155586,0.7457670569929377,0.02123981096132912,0.5916422643110548,0.012904529066793726,0.5916422643110548,0.012904529066793726,0.6641752587502386,0.0136519465513836,0.17142450484848987,0.028342177425639794,0.2994077600552837,0.028230312308683926,0.43992537313432833,0.03508058063155587,0.6687046606519964,0.014083109613105745,abtype1_w75_t0.528
PA_II_L1,335.0,0.4473134328358209,0.027216204076115476,206.65,0.062014567852020266,0.552686567164179,0.02721620407611547,0.7439010059783292,0.016564472033355853,0.5892652788562274,0.008789326868852743,0.5892652788562274,0.008789326868852743,0.66203555795705,0.009696370550974337,0.1650783165841137,0.01885205033806737,0.2946732910796088,0.0193773130401583,0.4473134328358209,0.027216204076115476,0.6665831424172783,0.010146005923312681,abtype1_w75_t0.528
PA_II_L1,402.0,0.44365671641791044,0.025015465130705693,244.15,0.0798144817352295,0.5563432835820896,0.025015465130705676,0.7474493785960231,0.015566061217358727,0.5894658688600669,0.008808380272738127,0.5894658688600669,0.008808380272738127,0.6637293497818042,0.009248927697748687,0.16676066612894913,0.018571786460294087,0.2971561315706806,0.018881426299602946,0.44365671641791044,0.025015465130705693,0.6684576237280448,0.0096498692928658,abtype1_w75_t0.528
PA_II_L1,469.0,0.4381663113006396,0.02143360960832022,281.6,0.09985648393630982,0.5618336886993602,0.021433609608320203,0.7511008783721753,0.013398099475900227,0.5915179656823197,0.007847554430335125,0.5915179656823197,0.007847554430335125,0.6665208461890073,0.008388601004652125,0.17193738364483005,0.016781574003465895,0.30289662936534045,0.01725027348849745,0.4381663113006396,0.02143360960832022,0.6713094220272475,0.008697414111808811,abtype1_w75_t0.528
PA_II_L1,536.0,0.4416044776119404,0.017432802277109423,321.15,0.11528788805007935,0.5583955223880598,0.017432802277109423,0.7500878894369917,0.011290213747119913,0.5903461517733872,0.006790608922128724,0.5903461517733872,0.006790608922128724,0.6654145728146514,0.006676093362500325,0.16883418732058575,0.013335028275288397,0.30037195625609103,0.013896086531468944,0.4416044776119404,0.017432802277109423,0.6702170206051894,0.00694318240197485,abtype1_w75_t0.528
PA_II_L1,603.0,0.44253731343283587,0.015908949379954213,361.05,0.1343318462371826,0.5574626865671644,0.015908949379954223,0.7501072906424182,0.010583614015711526,0.5903447374308256,0.00628699797477743,0.5903447374308256,0.00628699797477743,0.6654271341354034,0.0063720794858026075,0.16852592171723174,0.012546452737771574,0.3004297895959878,0.013167472777324184,0.44253731343283587,0.015908949379954213,0.670226014036622,0.006623908059730584,abtype1_w75_t0.528
PA_II_L1,670.0,0.44492537313432834,0.01635605716319174,401.65,0.15338828563690185,0.5550746268656717,0.01635605716319176,0.749143855289436,0.01078944248981052,0.5904583563189219,0.005153240742868659,0.5904583563189219,0.005153240742868659,0.6650713200033329,0.006665716137171341,0.16794409488808584,0.012209267674859137,0.30014270749694083,0.012926784986148996,0.44492537313432834,0.01635605716319174,0.669801105804179,0.006983086769968265,abtype1_w75_t0.528
PA_II_L1,737.0,0.4435549525101764,0.013348970000822056,439.5,0.1682202100753784,0.5564450474898236,0.013348970000822037,0.7502401529870766,0.008939873192900634,0.5908941804627699,0.004202019252447591,0.5908941804627699,0.004202019252447591,0.6658055016985022,0.005215389715136207,0.16906533725017064,0.00968580694652946,0.3015417357905022,0.010028968254880833,0.4435549525101764,0.013348970000822056,0.6705671667249231,0.005496143264357293,abtype1_w75_t0.528
PA_II_L1,804.0,0.4437189054726369,0.01297279184044215,478.8,0.18417147397994996,0.5562810945273633,0.012972791840442137,0.750360694452863,0.008373780341948687,0.5911588394277243,0.0037143872316949206,0.5911588394277243,0.0037143872316949206,0.6660111923259077,0.004997255125579414,0.16942011429373613,0.009142975857330309,0.3020822250663413,0.009528115577723692,0.4437189054726369,0.01297279184044215,0.6707597669402936,0.005266973138935,abtype1_w75_t0.528
PA_II_L1,871.0,0.4425947187141216,0.012595194902074778,516.85,0.2039339542388916,0.5574052812858784,0.01259519490207478,0.7512046158129504,0.007983145371171353,0.5913874488858093,0.0036225340402595927,0.5913874488858093,0.0036225340402595927,0.6665182081364444,0.005191692443778393,0.1702133785446009,0.009345202642778782,0.3030007960182785,0.010014489810252675,0.4425947187141216,0.012595194902074778,0.6712960323493798,0.005427743197092659,abtype1_w75_t0.528
PA_II_L1,938.0,0.44424307036247335,0.011527177798042713,556.15,0.22217193841934205,0.5557569296375267,0.011527177798042713,0.7507456355617079,0.007395515102482793,0.5903847584323832,0.002813848050143393,0.5903847584323832,0.002813848050143393,0.6657489185920483,0.004405229116020635,0.1680744627750596,0.007482085665076298,0.30105985612963243,0.008141844951155585,0.44424307036247335,0.011527177798042713,0.6705651969970455,0.004666564422661171,abtype1_w75_t0.528
PA_II_L1,1000.0,0.44420000000000004,0.011039021695784468,592.8,0.23827120065689086,0.5558000000000001,0.01103902169578443,0.7507777777777778,0.00679369715159973,0.5909925737767194,0.0021566114709497515,0.5909925737767194,0.0021566114709497515,0.6661087294101987,0.004227750917738174,0.1690259727825945,0.007202642005275904,0.302118086915707,0.00766886866274013,0.44420000000000004,0.011039021695784468,0.6708851757772486,0.004473516404867539,abtype1_w75_t0.528
PA_II_L2,67.0,0.4888059701492537,0.05582069598495743,56.75,0.002243304252624512,0.5111940298507462,0.055820695984957425,0.6835455022629203,0.060106900709701656,0.5687529530956223,0.028081997064360667,0.5687529530956223,0.028081997064360667,0.6232456592339986,0.040588269708745926,0.12158968247640009,0.05207259703594111,0.2229258604741767,0.07770062794242741,0.4888059701492537,0.05582069598495743,0.6261492276792713,0.04192108920775591,abtype1_w75_t0.528
PA_II_L2,134.0,0.4776119402985075,0.04636484945375842,109.75,0.014229023456573486,0.5223880597014925,0.04636484945375841,0.7118949125642475,0.033750673505955696,0.5772592298710888,0.02342266115608543,0.5772592298710888,0.02342266115608543,0.6409579662849312,0.02598274766276005,0.13722923777726054,0.04327042323929174,0.2543304878378591,0.05492348283176386,0.4776119402985075,0.04636484945375842,0.6445770712176682,0.02644024634063913,abtype1_w75_t0.528
PA_II_L2,201.0,0.46467661691542295,0.029407993445038114,156.65,0.032875585556030276,0.5353233830845769,0.029407993445038104,0.7271047389604435,0.018131395549599298,0.5827339605960822,0.018989041228528302,0.5827339605960822,0.018989041228528302,0.6508691234401811,0.016645784399165652,0.14891351247670118,0.0335077149895978,0.27284599721560326,0.038838828954855326,0.46467661691542295,0.029407993445038114,0.6549193497782629,0.016488469897642286,abtype1_w75_t0.528
PA_II_L2,268.0,0.45298507462686566,0.025673160316074,206.45,0.051259863376617434,0.5470149253731343,0.025673160316073983,0.73778505039712,0.015265479399156654,0.5873252861397218,0.013855435067593192,0.5873252861397218,0.013855435067593192,0.6582306278384957,0.01267137774337003,0.16020480037866594,0.026162072385651127,0.2875110936053059,0.028795675621497978,0.45298507462686566,0.025673160316074,0.662555168268421,0.012665136706267364,abtype1_w75_t0.528
PA_II_L2,335.0,0.4455223880597015,0.02402706945988273,254.15,0.06786136627197266,0.5544776119402985,0.024027069459882734,0.7448667770224695,0.015718266962029128,0.5871170661087632,0.012178654566335925,0.5871170661087632,0.012178654566335925,0.6612524542883385,0.0110114360688906,0.16256662765179317,0.0232087645372031,0.2914155896771339,0.024769092378694582,0.4455223880597015,0.02402706945988273,0.6659919215656164,0.01117486087151858,abtype1_w75_t0.528
PA_II_L2,402.0,0.44639303482587067,0.021333293304893017,303.65,0.08370708227157593,0.5536069651741292,0.021333293304893027,0.7459773066527469,0.014280002685237088,0.5866773934738542,0.010178312328823907,0.5866773934738542,0.010178312328823907,0.661505440093489,0.00932111074562599,0.16158084872405767,0.019494845686407837,0.2914935295482387,0.020674706613609324,0.44639303482587067,0.021333293304893017,0.6663273500633005,0.009541141975935186,abtype1_w75_t0.528
PA_II_L2,469.0,0.44882729211087413,0.017407132462162748,353.45,0.1037111759185791,0.5511727078891259,0.01740713246216276,0.7456582698112965,0.011955405974533612,0.5868082896862046,0.009115506934054976,0.5868082896862046,0.009115506934054976,0.6614480374693141,0.007982700180919455,0.1609691960359054,0.01713108950365598,0.29162965762468407,0.01810919367198587,0.44882729211087413,0.017407132462162748,0.6662332797487505,0.00811750809006495,abtype1_w75_t0.528
PA_II_L2,536.0,0.4490671641791044,0.016667246778349947,402.15,0.12082300186157227,0.5509328358208956,0.016667246778349944,0.7459266722544853,0.010433752786321653,0.5882087668910883,0.008255295511219538,0.5882087668910883,0.008255295511219538,0.6623682552829134,0.007557172246388648,0.1630735603091204,0.016535937931666283,0.2942731170776132,0.016962314401273854,0.4490671641791044,0.016667246778349947,0.6670677195727868,0.00763920583242938,abtype1_w75_t0.528
PA_II_L2,603.0,0.45116086235489217,0.015356541625921045,451.05,0.13865920305252075,0.5488391376451078,0.015356541625921044,0.7452118871499035,0.009705592979256883,0.58820162256996,0.006460068681469272,0.58820162256996,0.006460068681469272,0.6620560312563178,0.006845113174444463,0.16232902042479436,0.013710258411847196,0.2939779007618809,0.01449657935032201,0.45116086235489217,0.015356541625921045,0.6667067548599318,0.007006012720026956,abtype1_w75_t0.528
PA_II_L2,670.0,0.4496268656716418,0.01629448176186422,498.1,0.15733768939971923,0.5503731343283583,0.016294481761864217,0.7463264080364548,0.010683711665088982,0.589083713856612,0.006171316637927375,0.589083713856612,0.006171316637927375,0.6630446960657504,0.006971197312057581,0.16415689910432968,0.013438471340354073,0.2961177086608823,0.014195954453422019,0.4496268656716418,0.01629448176186422,0.6677050609465334,0.007219688341655365,abtype1_w75_t0.528
PA_II_L2,737.0,0.4502713704206241,0.01801230749156184,547.15,0.17735886573791504,0.549728629579376,0.018012307491561845,0.7462529987347271,0.01099435325474615,0.5894849452661889,0.005954207772114865,0.5894849452661889,0.005954207772114865,0.6632460035927829,0.0077762312379709006,0.1646681542964652,0.01483938168414189,0.29682444830293786,0.015565445836259252,0.4502713704206241,0.01801230749156184,0.667868972000458,0.008030788785547442,abtype1_w75_t0.528
PA_II_L2,804.0,0.45049751243781094,0.016526850986938398,596.25,0.19558097124099733,0.549502487562189,0.0165268509869384,0.746233776663562,0.010273079914109761,0.5901483665503012,0.004498771683590272,0.5901483665503012,0.004498771683590272,0.6636111922530988,0.0067530361677727545,0.16550135924079626,0.012239491480539504,0.2979434425781978,0.012926349878262458,0.45049751243781094,0.016526850986938398,0.6681910716069316,0.007059078452260604,abtype1_w75_t0.528
PA_II_L2,871.0,0.4489667049368542,0.01589400788622489,643.5,0.2127987265586853,0.5510332950631459,0.015894007886224904,0.7474812408413394,0.010179811430416876,0.5900619923298608,0.0038910131667189295,0.5900619923298608,0.0038910131667189295,0.6641162093525247,0.006361738214003944,0.16592149574483164,0.011107152461120515,0.29855779995235576,0.011832949619107157,0.4489667049368542,0.01589400788622489,0.6687716165856001,0.006705419820707314,abtype1_w75_t0.528
PA_II_L2,938.0,0.4467484008528785,0.01512009365532167,689.85,0.23112159967422485,0.5532515991471214,0.015120093655321664,0.7489162557167356,0.009395794574252792,0.590601290025939,0.0034581675351310092,0.590601290025939,0.0034581675351310092,0.6650598478474924,0.0060035929608259755,0.16755820183864892,0.010575424250741006,0.30033825663695773,0.011154259473409095,0.4467484008528785,0.01512009365532167,0.6697587728713372,0.006318921540118971,abtype1_w75_t0.528
PA_II_L2,1000.0,0.44820000000000004,0.013952060779684134,735.3,0.2506833910942078,0.5518000000000001,0.0139520607796841,0.7483333333333333,0.008806913670240085,0.5902522433530102,0.002794479890756001,0.5902522433530102,0.002794479890756001,0.66460512715262,0.005479733213018004,0.16647954154145467,0.009301542286087093,0.2994161613654468,0.009940774368090148,0.44820000000000004,0.013952060779684134,0.6692927883431719,0.005799101694546463,abtype1_w75_t0.528
